INT	INT	INT	INT	INT	INT	INT	INT	INT	INT	INT	INT	INT	INT	INT	INT	INT	INT	INT	INT	INT	INT	INT	INT	INT	INT	INT	INT	INT	INT	INT	INT	INT	INT	INT	INT	INT	INT	INT	INT	INT	INT	INT	INT	INT	INT	INT	INT	INT	INT	INT	INT	INT	INT	INT	INT	INT	INT	INT	INT	INT	INT	INT	INT	INT	INT	INT	INT	INT	INT	INT	INT	INT	INT	INT	INT	INT	INT	INT	INT	INT	INT	INT	INT	INT	INT
级别	少林派[棍武僧]力道	少林派[棍武僧]体质	少林派[棍武僧]内力	少林派[棍武僧]身法	少林派[棍武僧]技能点	少林派[铁罗汉]力道	少林派[铁罗汉]体质	少林派[铁罗汉]内力	少林派[铁罗汉]身法	少林派[铁罗汉]技能点	丐帮[棍丐帮]力道	丐帮[棍丐帮]体质	丐帮[棍丐帮]内力	丐帮[棍丐帮]身法	丐帮[棍丐帮]技能点	丐帮[掌丐帮]力道	丐帮[掌丐帮]体质	丐帮[掌丐帮]内力	丐帮[掌丐帮]身法	丐帮[掌丐帮]技能点	武当派[剑武当]力道	武当派[剑武当]体质	武当派[剑武当]内力	武当派[剑武当]身法	武当派[剑武当]技能点	武当派[气武当]力道	武当派[气武当]体质	武当派[气武当]内力	武当派[气武当]身法	武当派[气武当]技能点	唐门[刀唐]力道	唐门[刀唐]体质	唐门[刀唐]内力	唐门[刀唐]身法	唐门[刀唐]技能点	唐门[陷阱唐]力道	唐门[陷阱唐]体质	唐门[陷阱唐]内力	唐门[陷阱唐]身法	唐门[陷阱唐]技能点	逍遥派[扇逍遥]力道	逍遥派[扇逍遥]体质	逍遥派[扇逍遥]内力	逍遥派[扇逍遥]身法	逍遥派[扇逍遥]技能点	逍遥派[指逍遥]力道	逍遥派[指逍遥]体质	逍遥派[指逍遥]内力	逍遥派[指逍遥]身法	逍遥派[指逍遥]技能点	药王谷[狂药王]力道	药王谷[狂药王]体质	药王谷[狂药王]内力	药王谷[狂药王]身法	药王谷[狂药王]技能点	药王谷[医药王]力道	药王谷[医药王]体质	药王谷[医药王]内力	药王谷[医药王]身法	药王谷[医药王]技能点	桃花岛[笛桃花]力道	桃花岛[笛桃花]体质	桃花岛[笛桃花]内力	桃花岛[笛桃花]身法	桃花岛[笛桃花]技能点	桃花岛[音桃花]力道	桃花岛[音桃花]体质	桃花岛[音桃花]内力	桃花岛[音桃花]身法	桃花岛[音桃花]技能点	峨嵋派[刺峨眉]力道	峨嵋派[刺峨眉]体质	峨嵋派[刺峨眉]内力	峨嵋派[刺峨眉]身法	峨嵋派[刺峨眉]技能点	峨嵋派[辅峨眉]力道	峨嵋派[辅峨眉]体质	峨嵋派[辅峨眉]内力	峨嵋派[辅峨眉]身法	峨嵋派[辅峨眉]技能点	无门派力道	无门派体质	无门派内力	无门派身法	其它技能点
0	0	0	0	0	0	0	0	0	0	0	0	0	0	0	0	0	0	0	0	0	0	0	0	0	0	0	0	0	0	0	0	0	0	0	0	0	0	0	0	0	0	0	0	0	0	0	0	0	0	0	0	0	0	0	0	0	0	0	0	0	0	0	0	0	0	0	0	0	0	0	0	0	0	0	0	0	0	0	0	0	0	0	0	0	0
1	6	5	0	0	0	0	9	0	2	0	12	0	0	0	0	12	0	0	0	0	0	12	0	0	0	0	5	6	0	0	6	0	0	5	0	0	0	6	5	0	4	0	8	0	0	0	0	0	12	0	6	0	0	5	0	0	0	9	2	0	5	0	6	0	0	0	0	8	4	0	4	0	0	8	0	0	5	6	0	0	3	3	3	3	0
2	8	7	0	0	0	0	12	0	3	0	16	0	0	0	0	16	0	0	0	0	0	16	0	0	0	0	7	8	0	0	8	0	0	7	0	0	0	8	7	0	5	0	10	0	0	0	0	0	16	0	8	0	0	7	0	0	0	12	3	0	7	0	8	0	0	0	0	10	5	0	5	0	0	10	0	0	7	8	0	0	4	4	4	4	0
3	10	9	0	0	0	0	16	0	4	0	20	0	0	0	0	20	0	0	0	0	0	20	0	0	0	0	9	10	0	0	10	0	0	9	0	0	0	10	9	0	6	0	13	0	0	0	0	0	20	0	10	0	0	9	0	0	0	16	4	0	9	0	10	0	0	0	0	13	6	0	6	0	0	13	0	0	9	10	0	0	5	5	5	5	0
4	12	11	0	0	0	0	19	0	4	0	24	0	0	0	0	24	0	0	0	0	0	24	0	0	0	0	11	12	0	0	12	0	0	11	0	0	0	12	11	0	8	0	16	0	0	0	0	0	24	0	12	0	0	11	0	0	0	19	4	0	11	0	12	0	0	0	0	16	8	0	8	0	0	16	0	0	11	12	0	0	6	6	6	6	0
5	14	13	0	0	0	0	22	0	5	0	28	0	0	0	0	28	0	0	0	0	0	28	0	0	0	0	13	14	0	0	14	0	0	13	0	0	0	14	13	0	9	0	18	0	0	0	0	0	28	0	14	0	0	13	0	0	0	22	5	0	13	0	14	0	0	0	0	18	9	0	9	0	0	18	0	0	13	14	0	0	7	7	7	7	0
6	17	14	0	0	0	0	25	0	6	0	32	0	0	0	0	32	0	0	0	0	0	32	0	0	0	0	14	17	0	0	17	0	0	14	0	0	0	17	14	0	10	0	21	0	0	0	0	0	32	0	17	0	0	14	0	0	0	25	6	0	14	0	17	0	0	0	0	21	10	0	10	0	0	21	0	0	14	17	0	0	8	8	8	8	0
7	19	16	0	0	0	0	28	0	7	0	36	0	0	0	0	36	0	0	0	0	0	36	0	0	0	0	16	19	0	0	19	0	0	16	0	0	0	19	16	0	12	0	24	0	0	0	0	0	36	0	19	0	0	16	0	0	0	28	7	0	16	0	19	0	0	0	0	24	12	0	12	0	0	24	0	0	16	19	0	0	9	9	9	9	0
8	21	18	0	0	0	0	32	0	8	0	40	0	0	0	0	40	0	0	0	0	0	40	0	0	0	0	18	21	0	0	21	0	0	18	0	0	0	21	18	0	13	0	26	0	0	0	0	0	40	0	21	0	0	18	0	0	0	32	8	0	18	0	21	0	0	0	0	26	13	0	13	0	0	26	0	0	18	21	0	0	10	10	10	10	0
9	23	20	0	0	0	0	35	0	8	0	44	0	0	0	0	44	0	0	0	0	0	44	0	0	0	0	20	23	0	0	23	0	0	20	0	0	0	23	20	0	14	0	29	0	0	0	0	0	44	0	23	0	0	20	0	0	0	35	8	0	20	0	23	0	0	0	0	29	14	0	14	0	0	29	0	0	20	23	0	0	11	11	11	11	0
10	25	22	0	0	0	0	38	0	9	0	48	0	0	0	0	48	0	0	0	0	0	48	0	0	0	0	22	25	0	0	25	0	0	22	0	0	0	25	22	0	16	0	32	0	0	0	0	0	48	0	25	0	0	22	0	0	0	38	9	0	22	0	25	0	0	0	0	32	16	0	16	0	0	32	0	0	22	25	0	0	12	12	12	12	0
11	27	24	0	0	0	0	41	0	10	0	52	0	0	0	0	52	0	0	0	0	0	52	0	0	0	0	24	27	0	0	27	0	0	24	0	0	0	27	24	0	17	0	34	0	0	0	0	0	52	0	27	0	0	24	0	0	0	41	10	0	24	0	27	0	0	0	0	34	17	0	17	0	0	34	0	0	24	27	0	0	13	13	13	13	0
12	29	26	0	0	0	0	44	0	11	0	56	0	0	0	0	56	0	0	0	0	0	56	0	0	0	0	26	29	0	0	29	0	0	26	0	0	0	29	26	0	18	0	37	0	0	0	0	0	56	0	29	0	0	26	0	0	0	44	11	0	26	0	29	0	0	0	0	37	18	0	18	0	0	37	0	0	26	29	0	0	14	14	14	14	0
13	32	28	0	0	0	0	48	0	12	0	60	0	0	0	0	60	0	0	0	0	0	60	0	0	0	0	28	32	0	0	32	0	0	28	0	0	0	32	28	0	20	0	40	0	0	0	0	0	60	0	32	0	0	28	0	0	0	48	12	0	28	0	32	0	0	0	0	40	20	0	20	0	0	40	0	0	28	32	0	0	15	15	15	15	0
14	34	29	0	0	0	0	51	0	12	0	64	0	0	0	0	64	0	0	0	0	0	64	0	0	0	0	29	34	0	0	34	0	0	29	0	0	0	34	29	0	21	0	42	0	0	0	0	0	64	0	34	0	0	29	0	0	0	51	12	0	29	0	34	0	0	0	0	42	21	0	21	0	0	42	0	0	29	34	0	0	16	16	16	16	0
15	36	31	0	0	0	0	54	0	13	0	68	0	0	0	0	68	0	0	0	0	0	68	0	0	0	0	31	36	0	0	36	0	0	31	0	0	0	36	31	0	22	0	45	0	0	0	0	0	68	0	36	0	0	31	0	0	0	54	13	0	31	0	36	0	0	0	0	45	22	0	22	0	0	45	0	0	31	36	0	0	17	17	17	17	0
16	38	33	0	0	0	0	57	0	14	0	72	0	0	0	0	72	0	0	0	0	0	72	0	0	0	0	33	38	0	0	38	0	0	33	0	0	0	38	33	0	24	0	48	0	0	0	0	0	72	0	38	0	0	33	0	0	0	57	14	0	33	0	38	0	0	0	0	48	24	0	24	0	0	48	0	0	33	38	0	0	18	18	18	18	0
17	40	35	0	0	0	0	60	0	15	0	76	0	0	0	0	76	0	0	0	0	0	76	0	0	0	0	35	40	0	0	40	0	0	35	0	0	0	40	35	0	25	0	50	0	0	0	0	0	76	0	40	0	0	35	0	0	0	60	15	0	35	0	40	0	0	0	0	50	25	0	25	0	0	50	0	0	35	40	0	0	19	19	19	19	0
18	42	37	0	0	0	0	64	0	16	0	80	0	0	0	0	80	0	0	0	0	0	80	0	0	0	0	37	42	0	0	42	0	0	37	0	0	0	42	37	0	26	0	53	0	0	0	0	0	80	0	42	0	0	37	0	0	0	64	16	0	37	0	42	0	0	0	0	53	26	0	26	0	0	53	0	0	37	42	0	0	20	20	20	20	0
19	44	39	0	0	0	0	67	0	16	0	84	0	0	0	0	84	0	0	0	0	0	84	0	0	0	0	39	44	0	0	44	0	0	39	0	0	0	44	39	0	28	0	56	0	0	0	0	0	84	0	44	0	0	39	0	0	0	67	16	0	39	0	44	0	0	0	0	56	28	0	28	0	0	56	0	0	39	44	0	0	21	21	21	21	0
20	46	41	0	0	0	0	70	0	17	0	88	0	0	0	0	88	0	0	0	0	0	88	0	0	0	0	41	46	0	0	46	0	0	41	0	0	0	46	41	0	29	0	58	0	0	0	0	0	88	0	46	0	0	41	0	0	0	70	17	0	41	0	46	0	0	0	0	58	29	0	29	0	0	58	0	0	41	46	0	0	22	22	22	22	0
21	49	42	0	0	0	0	73	0	18	0	92	0	0	0	0	92	0	0	0	0	0	92	0	0	0	0	42	49	0	0	49	0	0	42	0	0	0	49	42	0	30	0	61	0	0	0	0	0	92	0	49	0	0	42	0	0	0	73	18	0	42	0	49	0	0	0	0	61	30	0	30	0	0	61	0	0	42	49	0	0	23	23	23	23	0
22	51	44	0	0	0	0	76	0	19	0	96	0	0	0	0	96	0	0	0	0	0	96	0	0	0	0	44	51	0	0	51	0	0	44	0	0	0	51	44	0	32	0	64	0	0	0	0	0	96	0	51	0	0	44	0	0	0	76	19	0	44	0	51	0	0	0	0	64	32	0	32	0	0	64	0	0	44	51	0	0	24	24	24	24	0
23	53	46	0	0	0	0	80	0	20	0	100	0	0	0	0	100	0	0	0	0	0	100	0	0	0	0	46	53	0	0	53	0	0	46	0	0	0	53	46	0	33	0	66	0	0	0	0	0	100	0	53	0	0	46	0	0	0	80	20	0	46	0	53	0	0	0	0	66	33	0	33	0	0	66	0	0	46	53	0	0	25	25	25	25	0
24	55	48	0	0	0	0	83	0	20	0	104	0	0	0	0	104	0	0	0	0	0	104	0	0	0	0	48	55	0	0	55	0	0	48	0	0	0	55	48	0	34	0	69	0	0	0	0	0	104	0	55	0	0	48	0	0	0	83	20	0	48	0	55	0	0	0	0	69	34	0	34	0	0	69	0	0	48	55	0	0	26	26	26	26	0
25	57	50	0	0	0	0	86	0	21	0	108	0	0	0	0	108	0	0	0	0	0	108	0	0	0	0	50	57	0	0	57	0	0	50	0	0	0	57	50	0	36	0	72	0	0	0	0	0	108	0	57	0	0	50	0	0	0	86	21	0	50	0	57	0	0	0	0	72	36	0	36	0	0	72	0	0	50	57	0	0	27	27	27	27	0
26	59	52	0	0	0	0	89	0	22	0	112	0	0	0	0	112	0	0	0	0	0	112	0	0	0	0	52	59	0	0	59	0	0	52	0	0	0	59	52	0	37	0	74	0	0	0	0	0	112	0	59	0	0	52	0	0	0	89	22	0	52	0	59	0	0	0	0	74	37	0	37	0	0	74	0	0	52	59	0	0	28	28	28	28	0
27	61	54	0	0	0	0	92	0	23	0	116	0	0	0	0	116	0	0	0	0	0	116	0	0	0	0	54	61	0	0	61	0	0	54	0	0	0	61	54	0	38	0	77	0	0	0	0	0	116	0	61	0	0	54	0	0	0	92	23	0	54	0	61	0	0	0	0	77	38	0	38	0	0	77	0	0	54	61	0	0	29	29	29	29	0
28	64	56	0	0	0	0	96	0	24	0	120	0	0	0	0	120	0	0	0	0	0	120	0	0	0	0	56	64	0	0	64	0	0	56	0	0	0	64	56	0	40	0	80	0	0	0	0	0	120	0	64	0	0	56	0	0	0	96	24	0	56	0	64	0	0	0	0	80	40	0	40	0	0	80	0	0	56	64	0	0	30	30	30	30	0
29	66	57	0	0	0	0	99	0	24	0	124	0	0	0	0	124	0	0	0	0	0	124	0	0	0	0	57	66	0	0	66	0	0	57	0	0	0	66	57	0	41	0	82	0	0	0	0	0	124	0	66	0	0	57	0	0	0	99	24	0	57	0	66	0	0	0	0	82	41	0	41	0	0	82	0	0	57	66	0	0	31	31	31	31	0
30	68	59	0	0	0	0	102	0	25	0	128	0	0	0	0	128	0	0	0	0	0	128	0	0	0	0	59	68	0	0	68	0	0	59	0	0	0	68	59	0	42	0	85	0	0	0	0	0	128	0	68	0	0	59	0	0	0	102	25	0	59	0	68	0	0	0	0	85	42	0	42	0	0	85	0	0	59	68	0	0	32	32	32	32	0
31	70	61	0	0	0	0	105	0	26	0	132	0	0	0	0	132	0	0	0	0	0	132	0	0	0	0	61	70	0	0	70	0	0	61	0	0	0	70	61	0	44	0	88	0	0	0	0	0	132	0	70	0	0	61	0	0	0	105	26	0	61	0	70	0	0	0	0	88	44	0	44	0	0	88	0	0	61	70	0	0	33	33	33	33	0
32	72	63	0	0	0	0	108	0	27	0	136	0	0	0	0	136	0	0	0	0	0	136	0	0	0	0	63	72	0	0	72	0	0	63	0	0	0	72	63	0	45	0	90	0	0	0	0	0	136	0	72	0	0	63	0	0	0	108	27	0	63	0	72	0	0	0	0	90	45	0	45	0	0	90	0	0	63	72	0	0	34	34	34	34	0
33	74	65	0	0	0	0	112	0	28	0	140	0	0	0	0	140	0	0	0	0	0	140	0	0	0	0	65	74	0	0	74	0	0	65	0	0	0	74	65	0	46	0	93	0	0	0	0	0	140	0	74	0	0	65	0	0	0	112	28	0	65	0	74	0	0	0	0	93	46	0	46	0	0	93	0	0	65	74	0	0	35	35	35	35	0
34	76	67	0	0	0	0	115	0	28	0	144	0	0	0	0	144	0	0	0	0	0	144	0	0	0	0	67	76	0	0	76	0	0	67	0	0	0	76	67	0	48	0	96	0	0	0	0	0	144	0	76	0	0	67	0	0	0	115	28	0	67	0	76	0	0	0	0	96	48	0	48	0	0	96	0	0	67	76	0	0	36	36	36	36	0
35	78	69	0	0	0	0	118	0	29	0	148	0	0	0	0	148	0	0	0	0	0	148	0	0	0	0	69	78	0	0	78	0	0	69	0	0	0	78	69	0	49	0	98	0	0	0	0	0	148	0	78	0	0	69	0	0	0	118	29	0	69	0	78	0	0	0	0	98	49	0	49	0	0	98	0	0	69	78	0	0	37	37	37	37	0
36	81	70	0	0	0	0	121	0	30	0	152	0	0	0	0	152	0	0	0	0	0	152	0	0	0	0	70	81	0	0	81	0	0	70	0	0	0	81	70	0	50	0	101	0	0	0	0	0	152	0	81	0	0	70	0	0	0	121	30	0	70	0	81	0	0	0	0	101	50	0	50	0	0	101	0	0	70	81	0	0	38	38	38	38	0
37	83	72	0	0	0	0	124	0	31	0	156	0	0	0	0	156	0	0	0	0	0	156	0	0	0	0	72	83	0	0	83	0	0	72	0	0	0	83	72	0	52	0	104	0	0	0	0	0	156	0	83	0	0	72	0	0	0	124	31	0	72	0	83	0	0	0	0	104	52	0	52	0	0	104	0	0	72	83	0	0	39	39	39	39	0
38	85	74	0	0	0	0	128	0	32	0	160	0	0	0	0	160	0	0	0	0	0	160	0	0	0	0	74	85	0	0	85	0	0	74	0	0	0	85	74	0	53	0	106	0	0	0	0	0	160	0	85	0	0	74	0	0	0	128	32	0	74	0	85	0	0	0	0	106	53	0	53	0	0	106	0	0	74	85	0	0	40	40	40	40	0
39	87	76	0	0	0	0	131	0	32	0	164	0	0	0	0	164	0	0	0	0	0	164	0	0	0	0	76	87	0	0	87	0	0	76	0	0	0	87	76	0	54	0	109	0	0	0	0	0	164	0	87	0	0	76	0	0	0	131	32	0	76	0	87	0	0	0	0	109	54	0	54	0	0	109	0	0	76	87	0	0	41	41	41	41	0
40	89	78	0	0	0	0	134	0	33	0	168	0	0	0	0	168	0	0	0	0	0	168	0	0	0	0	78	89	0	0	89	0	0	78	0	0	0	89	78	0	56	0	112	0	0	0	0	0	168	0	89	0	0	78	0	0	0	134	33	0	78	0	89	0	0	0	0	112	56	0	56	0	0	112	0	0	78	89	0	0	42	42	42	42	0
41	91	80	0	0	0	0	137	0	34	0	172	0	0	0	0	172	0	0	0	0	0	172	0	0	0	0	80	91	0	0	91	0	0	80	0	0	0	91	80	0	57	0	114	0	0	0	0	0	172	0	91	0	0	80	0	0	0	137	34	0	80	0	91	0	0	0	0	114	57	0	57	0	0	114	0	0	80	91	0	0	43	43	43	43	0
42	93	82	0	0	0	0	140	0	35	0	176	0	0	0	0	176	0	0	0	0	0	176	0	0	0	0	82	93	0	0	93	0	0	82	0	0	0	93	82	0	58	0	117	0	0	0	0	0	176	0	93	0	0	82	0	0	0	140	35	0	82	0	93	0	0	0	0	117	58	0	58	0	0	117	0	0	82	93	0	0	44	44	44	44	0
43	96	84	0	0	0	0	144	0	36	0	180	0	0	0	0	180	0	0	0	0	0	180	0	0	0	0	84	96	0	0	96	0	0	84	0	0	0	96	84	0	60	0	120	0	0	0	0	0	180	0	96	0	0	84	0	0	0	144	36	0	84	0	96	0	0	0	0	120	60	0	60	0	0	120	0	0	84	96	0	0	45	45	45	45	0
44	98	85	0	0	0	0	147	0	36	0	184	0	0	0	0	184	0	0	0	0	0	184	0	0	0	0	85	98	0	0	98	0	0	85	0	0	0	98	85	0	61	0	122	0	0	0	0	0	184	0	98	0	0	85	0	0	0	147	36	0	85	0	98	0	0	0	0	122	61	0	61	0	0	122	0	0	85	98	0	0	46	46	46	46	0
45	100	87	0	0	0	0	150	0	37	0	188	0	0	0	0	188	0	0	0	0	0	188	0	0	0	0	87	100	0	0	100	0	0	87	0	0	0	100	87	0	62	0	125	0	0	0	0	0	188	0	100	0	0	87	0	0	0	150	37	0	87	0	100	0	0	0	0	125	62	0	62	0	0	125	0	0	87	100	0	0	47	47	47	47	0
46	102	89	0	0	0	0	153	0	38	0	192	0	0	0	0	192	0	0	0	0	0	192	0	0	0	0	89	102	0	0	102	0	0	89	0	0	0	102	89	0	64	0	128	0	0	0	0	0	192	0	102	0	0	89	0	0	0	153	38	0	89	0	102	0	0	0	0	128	64	0	64	0	0	128	0	0	89	102	0	0	48	48	48	48	0
47	104	91	0	0	0	0	156	0	39	0	196	0	0	0	0	196	0	0	0	0	0	196	0	0	0	0	91	104	0	0	104	0	0	91	0	0	0	104	91	0	65	0	130	0	0	0	0	0	196	0	104	0	0	91	0	0	0	156	39	0	91	0	104	0	0	0	0	130	65	0	65	0	0	130	0	0	91	104	0	0	49	49	49	49	0
48	106	93	0	0	0	0	160	0	40	0	200	0	0	0	0	200	0	0	0	0	0	200	0	0	0	0	93	106	0	0	106	0	0	93	0	0	0	106	93	0	66	0	133	0	0	0	0	0	200	0	106	0	0	93	0	0	0	160	40	0	93	0	106	0	0	0	0	133	66	0	66	0	0	133	0	0	93	106	0	0	50	50	50	50	0
49	108	95	0	0	0	0	163	0	40	0	204	0	0	0	0	204	0	0	0	0	0	204	0	0	0	0	95	108	0	0	108	0	0	95	0	0	0	108	95	0	68	0	136	0	0	0	0	0	204	0	108	0	0	95	0	0	0	163	40	0	95	0	108	0	0	0	0	136	68	0	68	0	0	136	0	0	95	108	0	0	51	51	51	51	0
50	110	97	0	0	0	0	166	0	41	0	208	0	0	0	0	208	0	0	0	0	0	208	0	0	0	0	97	110	0	0	110	0	0	97	0	0	0	110	97	0	69	0	138	0	0	0	0	0	208	0	110	0	0	97	0	0	0	166	41	0	97	0	110	0	0	0	0	138	69	0	69	0	0	138	0	0	97	110	0	0	52	52	52	52	0
51	113	98	0	0	0	0	169	0	42	0	212	0	0	0	0	212	0	0	0	0	0	212	0	0	0	0	98	113	0	0	113	0	0	98	0	0	0	113	98	0	70	0	141	0	0	0	0	0	212	0	113	0	0	98	0	0	0	169	42	0	98	0	113	0	0	0	0	141	70	0	70	0	0	141	0	0	98	113	0	0	53	53	53	53	0
52	115	100	0	0	0	0	172	0	43	0	216	0	0	0	0	216	0	0	0	0	0	216	0	0	0	0	100	115	0	0	115	0	0	100	0	0	0	115	100	0	72	0	144	0	0	0	0	0	216	0	115	0	0	100	0	0	0	172	43	0	100	0	115	0	0	0	0	144	72	0	72	0	0	144	0	0	100	115	0	0	54	54	54	54	0
53	117	102	0	0	0	0	176	0	44	0	220	0	0	0	0	220	0	0	0	0	0	220	0	0	0	0	102	117	0	0	117	0	0	102	0	0	0	117	102	0	73	0	146	0	0	0	0	0	220	0	117	0	0	102	0	0	0	176	44	0	102	0	117	0	0	0	0	146	73	0	73	0	0	146	0	0	102	117	0	0	55	55	55	55	0
54	119	104	0	0	0	0	179	0	44	0	224	0	0	0	0	224	0	0	0	0	0	224	0	0	0	0	104	119	0	0	119	0	0	104	0	0	0	119	104	0	74	0	149	0	0	0	0	0	224	0	119	0	0	104	0	0	0	179	44	0	104	0	119	0	0	0	0	149	74	0	74	0	0	149	0	0	104	119	0	0	56	56	56	56	0
55	121	106	0	0	0	0	182	0	45	0	228	0	0	0	0	228	0	0	0	0	0	228	0	0	0	0	106	121	0	0	121	0	0	106	0	0	0	121	106	0	76	0	152	0	0	0	0	0	228	0	121	0	0	106	0	0	0	182	45	0	106	0	121	0	0	0	0	152	76	0	76	0	0	152	0	0	106	121	0	0	57	57	57	57	0
56	123	108	0	0	0	0	185	0	46	0	232	0	0	0	0	232	0	0	0	0	0	232	0	0	0	0	108	123	0	0	123	0	0	108	0	0	0	123	108	0	77	0	154	0	0	0	0	0	232	0	123	0	0	108	0	0	0	185	46	0	108	0	123	0	0	0	0	154	77	0	77	0	0	154	0	0	108	123	0	0	58	58	58	58	0
57	125	110	0	0	0	0	188	0	47	0	236	0	0	0	0	236	0	0	0	0	0	236	0	0	0	0	110	125	0	0	125	0	0	110	0	0	0	125	110	0	78	0	157	0	0	0	0	0	236	0	125	0	0	110	0	0	0	188	47	0	110	0	125	0	0	0	0	157	78	0	78	0	0	157	0	0	110	125	0	0	59	59	59	59	0
58	128	112	0	0	0	0	192	0	48	0	240	0	0	0	0	240	0	0	0	0	0	240	0	0	0	0	112	128	0	0	128	0	0	112	0	0	0	128	112	0	80	0	160	0	0	0	0	0	240	0	128	0	0	112	0	0	0	192	48	0	112	0	128	0	0	0	0	160	80	0	80	0	0	160	0	0	112	128	0	0	60	60	60	60	0
59	130	113	0	0	0	0	195	0	48	0	244	0	0	0	0	244	0	0	0	0	0	244	0	0	0	0	113	130	0	0	130	0	0	113	0	0	0	130	113	0	81	0	162	0	0	0	0	0	244	0	130	0	0	113	0	0	0	195	48	0	113	0	130	0	0	0	0	162	81	0	81	0	0	162	0	0	113	130	0	0	61	61	61	61	0
60	132	115	0	0	0	0	198	0	49	0	248	0	0	0	0	248	0	0	0	0	0	248	0	0	0	0	115	132	0	0	132	0	0	115	0	0	0	132	115	0	82	0	165	0	0	0	0	0	248	0	132	0	0	115	0	0	0	198	49	0	115	0	132	0	0	0	0	165	82	0	82	0	0	165	0	0	115	132	0	0	62	62	62	62	0
61	134	117	0	0	0	0	201	0	50	0	252	0	0	0	0	252	0	0	0	0	0	252	0	0	0	0	117	134	0	0	134	0	0	117	0	0	0	134	117	0	84	0	168	0	0	0	0	0	252	0	134	0	0	117	0	0	0	201	50	0	117	0	134	0	0	0	0	168	84	0	84	0	0	168	0	0	117	134	0	0	63	63	63	63	0
62	136	119	0	0	0	0	204	0	51	0	256	0	0	0	0	256	0	0	0	0	0	256	0	0	0	0	119	136	0	0	136	0	0	119	0	0	0	136	119	0	85	0	170	0	0	0	0	0	256	0	136	0	0	119	0	0	0	204	51	0	119	0	136	0	0	0	0	170	85	0	85	0	0	170	0	0	119	136	0	0	64	64	64	64	0
63	138	121	0	0	0	0	208	0	52	0	260	0	0	0	0	260	0	0	0	0	0	260	0	0	0	0	121	138	0	0	138	0	0	121	0	0	0	138	121	0	86	0	173	0	0	0	0	0	260	0	138	0	0	121	0	0	0	208	52	0	121	0	138	0	0	0	0	173	86	0	86	0	0	173	0	0	121	138	0	0	65	65	65	65	0
64	140	123	0	0	0	0	211	0	52	0	264	0	0	0	0	264	0	0	0	0	0	264	0	0	0	0	123	140	0	0	140	0	0	123	0	0	0	140	123	0	88	0	176	0	0	0	0	0	264	0	140	0	0	123	0	0	0	211	52	0	123	0	140	0	0	0	0	176	88	0	88	0	0	176	0	0	123	140	0	0	66	66	66	66	0
65	142	125	0	0	0	0	214	0	53	0	268	0	0	0	0	268	0	0	0	0	0	268	0	0	0	0	125	142	0	0	142	0	0	125	0	0	0	142	125	0	89	0	178	0	0	0	0	0	268	0	142	0	0	125	0	0	0	214	53	0	125	0	142	0	0	0	0	178	89	0	89	0	0	178	0	0	125	142	0	0	67	67	67	67	0
66	145	126	0	0	0	0	217	0	54	0	272	0	0	0	0	272	0	0	0	0	0	272	0	0	0	0	126	145	0	0	145	0	0	126	0	0	0	145	126	0	90	0	181	0	0	0	0	0	272	0	145	0	0	126	0	0	0	217	54	0	126	0	145	0	0	0	0	181	90	0	90	0	0	181	0	0	126	145	0	0	68	68	68	68	0
67	147	128	0	0	0	0	220	0	55	0	276	0	0	0	0	276	0	0	0	0	0	276	0	0	0	0	128	147	0	0	147	0	0	128	0	0	0	147	128	0	92	0	184	0	0	0	0	0	276	0	147	0	0	128	0	0	0	220	55	0	128	0	147	0	0	0	0	184	92	0	92	0	0	184	0	0	128	147	0	0	69	69	69	69	0
68	149	130	0	0	0	0	224	0	56	0	280	0	0	0	0	280	0	0	0	0	0	280	0	0	0	0	130	149	0	0	149	0	0	130	0	0	0	149	130	0	93	0	186	0	0	0	0	0	280	0	149	0	0	130	0	0	0	224	56	0	130	0	149	0	0	0	0	186	93	0	93	0	0	186	0	0	130	149	0	0	70	70	70	70	0
69	151	132	0	0	0	0	227	0	56	0	284	0	0	0	0	284	0	0	0	0	0	284	0	0	0	0	132	151	0	0	151	0	0	132	0	0	0	151	132	0	94	0	189	0	0	0	0	0	284	0	151	0	0	132	0	0	0	227	56	0	132	0	151	0	0	0	0	189	94	0	94	0	0	189	0	0	132	151	0	0	71	71	71	71	0
70	153	134	0	0	0	0	230	0	57	0	288	0	0	0	0	288	0	0	0	0	0	288	0	0	0	0	134	153	0	0	153	0	0	134	0	0	0	153	134	0	96	0	192	0	0	0	0	0	288	0	153	0	0	134	0	0	0	230	57	0	134	0	153	0	0	0	0	192	96	0	96	0	0	192	0	0	134	153	0	0	72	72	72	72	0
71	155	136	0	0	0	0	233	0	58	0	292	0	0	0	0	292	0	0	0	0	0	292	0	0	0	0	136	155	0	0	155	0	0	136	0	0	0	155	136	0	97	0	194	0	0	0	0	0	292	0	155	0	0	136	0	0	0	233	58	0	136	0	155	0	0	0	0	194	97	0	97	0	0	194	0	0	136	155	0	0	73	73	73	73	0
72	157	138	0	0	0	0	236	0	59	0	296	0	0	0	0	296	0	0	0	0	0	296	0	0	0	0	138	157	0	0	157	0	0	138	0	0	0	157	138	0	98	0	197	0	0	0	0	0	296	0	157	0	0	138	0	0	0	236	59	0	138	0	157	0	0	0	0	197	98	0	98	0	0	197	0	0	138	157	0	0	74	74	74	74	0
73	160	140	0	0	0	0	240	0	60	0	300	0	0	0	0	300	0	0	0	0	0	300	0	0	0	0	140	160	0	0	160	0	0	140	0	0	0	160	140	0	100	0	200	0	0	0	0	0	300	0	160	0	0	140	0	0	0	240	60	0	140	0	160	0	0	0	0	200	100	0	100	0	0	200	0	0	140	160	0	0	75	75	75	75	0
74	162	141	0	0	0	0	243	0	60	0	304	0	0	0	0	304	0	0	0	0	0	304	0	0	0	0	141	162	0	0	162	0	0	141	0	0	0	162	141	0	101	0	202	0	0	0	0	0	304	0	162	0	0	141	0	0	0	243	60	0	141	0	162	0	0	0	0	202	101	0	101	0	0	202	0	0	141	162	0	0	76	76	76	76	0
75	164	143	0	0	0	0	246	0	61	0	308	0	0	0	0	308	0	0	0	0	0	308	0	0	0	0	143	164	0	0	164	0	0	143	0	0	0	164	143	0	102	0	205	0	0	0	0	0	308	0	164	0	0	143	0	0	0	246	61	0	143	0	164	0	0	0	0	205	102	0	102	0	0	205	0	0	143	164	0	0	77	77	77	77	0
76	166	145	0	0	0	0	249	0	62	0	312	0	0	0	0	312	0	0	0	0	0	312	0	0	0	0	145	166	0	0	166	0	0	145	0	0	0	166	145	0	104	0	208	0	0	0	0	0	312	0	166	0	0	145	0	0	0	249	62	0	145	0	166	0	0	0	0	208	104	0	104	0	0	208	0	0	145	166	0	0	78	78	78	78	0
77	168	147	0	0	0	0	252	0	63	0	316	0	0	0	0	316	0	0	0	0	0	316	0	0	0	0	147	168	0	0	168	0	0	147	0	0	0	168	147	0	105	0	210	0	0	0	0	0	316	0	168	0	0	147	0	0	0	252	63	0	147	0	168	0	0	0	0	210	105	0	105	0	0	210	0	0	147	168	0	0	79	79	79	79	0
78	170	149	0	0	0	0	256	0	64	0	320	0	0	0	0	320	0	0	0	0	0	320	0	0	0	0	149	170	0	0	170	0	0	149	0	0	0	170	149	0	106	0	213	0	0	0	0	0	320	0	170	0	0	149	0	0	0	256	64	0	149	0	170	0	0	0	0	213	106	0	106	0	0	213	0	0	149	170	0	0	80	80	80	80	0
79	172	151	0	0	0	0	259	0	64	0	324	0	0	0	0	324	0	0	0	0	0	324	0	0	0	0	151	172	0	0	172	0	0	151	0	0	0	172	151	0	108	0	216	0	0	0	0	0	324	0	172	0	0	151	0	0	0	259	64	0	151	0	172	0	0	0	0	216	108	0	108	0	0	216	0	0	151	172	0	0	81	81	81	81	0
80	174	153	0	0	0	0	262	0	65	0	328	0	0	0	0	328	0	0	0	0	0	328	0	0	0	0	153	174	0	0	174	0	0	153	0	0	0	174	153	0	109	0	218	0	0	0	0	0	328	0	174	0	0	153	0	0	0	262	65	0	153	0	174	0	0	0	0	218	109	0	109	0	0	218	0	0	153	174	0	0	82	82	82	82	0
81	177	154	0	0	0	0	265	0	66	0	332	0	0	0	0	332	0	0	0	0	0	332	0	0	0	0	154	177	0	0	177	0	0	154	0	0	0	177	154	0	110	0	221	0	0	0	0	0	332	0	177	0	0	154	0	0	0	265	66	0	154	0	177	0	0	0	0	221	110	0	110	0	0	221	0	0	154	177	0	0	83	83	83	83	0
82	179	156	0	0	0	0	268	0	67	0	336	0	0	0	0	336	0	0	0	0	0	336	0	0	0	0	156	179	0	0	179	0	0	156	0	0	0	179	156	0	112	0	224	0	0	0	0	0	336	0	179	0	0	156	0	0	0	268	67	0	156	0	179	0	0	0	0	224	112	0	112	0	0	224	0	0	156	179	0	0	84	84	84	84	0
83	181	158	0	0	0	0	272	0	68	0	340	0	0	0	0	340	0	0	0	0	0	340	0	0	0	0	158	181	0	0	181	0	0	158	0	0	0	181	158	0	113	0	226	0	0	0	0	0	340	0	181	0	0	158	0	0	0	272	68	0	158	0	181	0	0	0	0	226	113	0	113	0	0	226	0	0	158	181	0	0	85	85	85	85	0
84	183	160	0	0	0	0	275	0	68	0	344	0	0	0	0	344	0	0	0	0	0	344	0	0	0	0	160	183	0	0	183	0	0	160	0	0	0	183	160	0	114	0	229	0	0	0	0	0	344	0	183	0	0	160	0	0	0	275	68	0	160	0	183	0	0	0	0	229	114	0	114	0	0	229	0	0	160	183	0	0	86	86	86	86	0
85	185	162	0	0	0	0	278	0	69	0	348	0	0	0	0	348	0	0	0	0	0	348	0	0	0	0	162	185	0	0	185	0	0	162	0	0	0	185	162	0	116	0	232	0	0	0	0	0	348	0	185	0	0	162	0	0	0	278	69	0	162	0	185	0	0	0	0	232	116	0	116	0	0	232	0	0	162	185	0	0	87	87	87	87	0
86	187	164	0	0	0	0	281	0	70	0	352	0	0	0	0	352	0	0	0	0	0	352	0	0	0	0	164	187	0	0	187	0	0	164	0	0	0	187	164	0	117	0	234	0	0	0	0	0	352	0	187	0	0	164	0	0	0	281	70	0	164	0	187	0	0	0	0	234	117	0	117	0	0	234	0	0	164	187	0	0	88	88	88	88	0
87	189	166	0	0	0	0	284	0	71	0	356	0	0	0	0	356	0	0	0	0	0	356	0	0	0	0	166	189	0	0	189	0	0	166	0	0	0	189	166	0	118	0	237	0	0	0	0	0	356	0	189	0	0	166	0	0	0	284	71	0	166	0	189	0	0	0	0	237	118	0	118	0	0	237	0	0	166	189	0	0	89	89	89	89	0
88	192	168	0	0	0	0	288	0	72	0	360	0	0	0	0	360	0	0	0	0	0	360	0	0	0	0	168	192	0	0	192	0	0	168	0	0	0	192	168	0	120	0	240	0	0	0	0	0	360	0	192	0	0	168	0	0	0	288	72	0	168	0	192	0	0	0	0	240	120	0	120	0	0	240	0	0	168	192	0	0	90	90	90	90	0
89	194	169	0	0	0	0	291	0	72	0	364	0	0	0	0	364	0	0	0	0	0	364	0	0	0	0	169	194	0	0	194	0	0	169	0	0	0	194	169	0	121	0	242	0	0	0	0	0	364	0	194	0	0	169	0	0	0	291	72	0	169	0	194	0	0	0	0	242	121	0	121	0	0	242	0	0	169	194	0	0	91	91	91	91	0
90	196	171	0	0	0	0	294	0	73	0	368	0	0	0	0	368	0	0	0	0	0	368	0	0	0	0	171	196	0	0	196	0	0	171	0	0	0	196	171	0	122	0	245	0	0	0	0	0	368	0	196	0	0	171	0	0	0	294	73	0	171	0	196	0	0	0	0	245	122	0	122	0	0	245	0	0	171	196	0	0	92	92	92	92	0
91	198	173	0	0	0	0	297	0	74	0	372	0	0	0	0	372	0	0	0	0	0	372	0	0	0	0	173	198	0	0	198	0	0	173	0	0	0	198	173	0	124	0	248	0	0	0	0	0	372	0	198	0	0	173	0	0	0	297	74	0	173	0	198	0	0	0	0	248	124	0	124	0	0	248	0	0	173	198	0	0	93	93	93	93	0
92	200	175	0	0	0	0	300	0	75	0	376	0	0	0	0	376	0	0	0	0	0	376	0	0	0	0	175	200	0	0	200	0	0	175	0	0	0	200	175	0	125	0	250	0	0	0	0	0	376	0	200	0	0	175	0	0	0	300	75	0	175	0	200	0	0	0	0	250	125	0	125	0	0	250	0	0	175	200	0	0	94	94	94	94	0
93	202	177	0	0	0	0	304	0	76	0	380	0	0	0	0	380	0	0	0	0	0	380	0	0	0	0	177	202	0	0	202	0	0	177	0	0	0	202	177	0	126	0	253	0	0	0	0	0	380	0	202	0	0	177	0	0	0	304	76	0	177	0	202	0	0	0	0	253	126	0	126	0	0	253	0	0	177	202	0	0	95	95	95	95	0
94	204	179	0	0	0	0	307	0	76	0	384	0	0	0	0	384	0	0	0	0	0	384	0	0	0	0	179	204	0	0	204	0	0	179	0	0	0	204	179	0	128	0	256	0	0	0	0	0	384	0	204	0	0	179	0	0	0	307	76	0	179	0	204	0	0	0	0	256	128	0	128	0	0	256	0	0	179	204	0	0	96	96	96	96	0
95	206	181	0	0	0	0	310	0	77	0	388	0	0	0	0	388	0	0	0	0	0	388	0	0	0	0	181	206	0	0	206	0	0	181	0	0	0	206	181	0	129	0	258	0	0	0	0	0	388	0	206	0	0	181	0	0	0	310	77	0	181	0	206	0	0	0	0	258	129	0	129	0	0	258	0	0	181	206	0	0	97	97	97	97	0
96	209	182	0	0	0	0	313	0	78	0	392	0	0	0	0	392	0	0	0	0	0	392	0	0	0	0	182	209	0	0	209	0	0	182	0	0	0	209	182	0	130	0	261	0	0	0	0	0	392	0	209	0	0	182	0	0	0	313	78	0	182	0	209	0	0	0	0	261	130	0	130	0	0	261	0	0	182	209	0	0	98	98	98	98	0
97	211	184	0	0	0	0	316	0	79	0	396	0	0	0	0	396	0	0	0	0	0	396	0	0	0	0	184	211	0	0	211	0	0	184	0	0	0	211	184	0	132	0	264	0	0	0	0	0	396	0	211	0	0	184	0	0	0	316	79	0	184	0	211	0	0	0	0	264	132	0	132	0	0	264	0	0	184	211	0	0	99	99	99	99	0
98	213	186	0	0	0	0	320	0	80	0	400	0	0	0	0	400	0	0	0	0	0	400	0	0	0	0	186	213	0	0	213	0	0	186	0	0	0	213	186	0	133	0	266	0	0	0	0	0	400	0	213	0	0	186	0	0	0	320	80	0	186	0	213	0	0	0	0	266	133	0	133	0	0	266	0	0	186	213	0	0	100	100	100	100	0
99	215	188	0	0	0	0	323	0	80	0	404	0	0	0	0	404	0	0	0	0	0	404	0	0	0	0	188	215	0	0	215	0	0	188	0	0	0	215	188	0	134	0	269	0	0	0	0	0	404	0	215	0	0	188	0	0	0	323	80	0	188	0	215	0	0	0	0	269	134	0	134	0	0	269	0	0	188	215	0	0	101	101	101	101	0
100	0	0	0	0	0	0	0	0	0	0	0	0	0	0	0	0	0	0	0	0	0	0	0	0	0	0	0	0	0	0	0	0	0	0	0	0	0	0	0	0	0	0	0	0	0	0	0	0	0	0	0	0	0	0	0	0	0	0	0	0	0	0	0	0	0	0	0	0	0	0	0	0	0	0	0	0	0	0	0	0	0	0	0	0	0
