INT	INT	STRING	INT	INT	INT	INT	INT	INT	INT	INT	INT	INT	INT	INT	INT	INT	INT	INT	INT	INT	INT	INT	INT	INT	INT	INT	INT	INT	INT	INT	INT	INT	INT	STRING
标识ID的分类ID	本行中所有ID的类型(必须填)	分类说明	本类中的ID数量	ID1	ID2	ID3	ID4	ID5	ID6	ID7	ID8	ID9	ID10	ID11	ID12	ID13	ID14	ID15	ID16	ID17	ID18	ID19	ID20	ID21	ID22	ID23	ID24	ID25	ID26	ID27	ID28	ID29	ID30	结尾说明，测试用
0	3		1	205																														
1	0	DOT	30	1241	1242	1243	1244	1245	2021	2022	2023	2024	2025	2041	2042	2043	2044	2045	2071	2072	2073	2074	2075	3051	3052	3053	3054	3055	3081	3082	3083	3084	3085	dot
2	0	DOT	30	3231	3232	3233	3234	3235	3161	3162	3163	3164	3165	4151	4152	4153	4154	4155	4161	4162	4163	4164	4165	4181	4182	4183	4184	4185	5031	5032	5033	5034	5035	dot
3	0	DOT	30	5061	5062	5063	5064	5065	5071	5071	5071	5071	5071	5161	5162	5163	5164	5165	5171	5172	5173	5174	5175	6091	6092	6093	6094	6095	6161	6162	6163	6164	6165	
4	3		1	122																														
5	0		5	1311	1312	1313	1314	1315																										
6	0		20	2071	2072	2073	2074	2075	3051	3052	3053	3054	3055	4151	4152	4153	4154	4155	6161	6162	6163	6164	6165											
7	3		4	203	204	205	32																											
8	3		1	31																														
9	3		7	401	402	403	404	405	406	407																								
10	3		1	14100																														
11	0	强控	30	1241	1242	1243	1244	1245	1391	1392	1393	1394	1395	2021	2022	2023	2024	2025	2071	2072	2073	2074	2075	3051	3052	3053	3054	3055	3081	3082	3083	3084	3085	DOT
12	0	强控	30	3161	3162	3163	3164	3165	3171	3172	3173	3174	3175	4111	4112	4113	4114	4115	4151	4152	4153	4154	4155	4161	4162	4163	4164	4165	4181	4182	4183	4184	4185	DOT
13	0	强控	30	5061	5062	5063	5064	5065	5071	5072	5073	5074	5075	5161	5162	5163	5164	5165	5171	5172	5173	5174	5175	6021	6022	6023	6024	6025	6091	6092	6093	6094	6095	DOT
14	3	强控	3	501	504
#	宝石				
#	武士				
100	3		1	123	
101	3		1	125	
102	3		1	129	
103	3		1	130	
#	剑侠				
200	3		1	216	
201	3		1	207	
202	3		1	209	
203	3		1	202	
204	3		1	206	
#	骑射				

#	火枪				

#	先知																		
500	3		16	501	502	503	504	505	506	507	508	509	510	511	512	513	514	515	516
501	3		2	503	504														
#	撒满																		

#	召唤																		
1000	3		5	304	305														
