INT	INT	STRING	INT	INT	INT	INT	INT	INT	INT	INT	INT	INT	INT	INT	INT	INT	INT	INT	INT	INT	INT	INT	INT	INT	INT	INT	INT	INT	INT	INT	INT	INT	INT
配方号	产品ID	配方名称	产品数量	材料类1	材料数量1	材料最低等级1	拆解损耗比例1	材料类2	材料数量2	材料最低等级2	拆解损耗比例2	材料类3	材料数量3	材料最低等级3	拆解损耗比例3	材料类4	材料数量4	材料最低等级4	拆解损耗比例4	改造1材料类	改造1材料数量	改造1材料最低等级	改造2材料类	改造2材料数量	改造2材料最低等级	改造3材料类	改造3材料数量	改造3材料最低等级	操作时间	脚本ID	打造消耗金钱	改造消耗金钱	是否需要找NPC制造 1需要 0不需要
1	10031001	新手棒配方	1	1	2	1	50	2	2	1	50	-1	-1	-1	-1	-1	-1	-1	-1	1	1	1	2	1	1	-1	-1	-1	-1	-1	1000	1000	0
2	10032201	近防弓配方1	1	1	2	1	50	2	2	1	50	-1	-1	-1	-1	-1	-1	-1	-1	1	1	1	2	1	1	-1	-1	-1	-1	-1	1000	1000	1
3	10032202	近防弓配方2	1	1	2	1	50	2	2	1	50	-1	-1	-1	-1	-1	-1	-1	-1	1	1	1	2	1	1	-1	-1	-1	-1	-1	1000	1000	1
4	10032203	近防弓配方3	1	1	2	1	50	2	2	1	50	-1	-1	-1	-1	-1	-1	-1	-1	1	1	1	2	1	1	-1	-1	-1	-1	-1	1000	1000	1
5	10032204	近防弓配方4	1	1	2	2	50	2	2	2	50	-1	-1	-1	-1	-1	-1	-1	-1	1	1	1	2	1	1	-1	-1	-1	-1	-1	1000	1000	1
6	10032205	近防弓配方5	1	1	2	2	50	2	2	2	50	-1	-1	-1	-1	-1	-1	-1	-1	1	1	1	2	1	1	-1	-1	-1	-1	-1	1000	1000	1
7	10032206	近防弓配方6	1	1	2	2	50	2	2	2	50	-1	-1	-1	-1	-1	-1	-1	-1	1	1	1	2	1	1	-1	-1	-1	-1	-1	1000	1000	1
8	10032207	近防弓配方7	1	1	2	3	50	2	2	3	50	-1	-1	-1	-1	-1	-1	-1	-1	1	1	1	2	1	1	-1	-1	-1	-1	-1	1000	1000	1
9	10032208	近防弓配方8	1	1	2	3	50	2	2	3	50	-1	-1	-1	-1	-1	-1	-1	-1	1	1	1	2	1	1	-1	-1	-1	-1	-1	1000	1000	1
10	10032209	近防弓配方9	1	1	2	3	50	2	2	3	50	-1	-1	-1	-1	-1	-1	-1	-1	1	1	1	2	1	1	-1	-1	-1	-1	-1	1000	1000	1
11	10032210	近防弓配方10	1	1	2	4	50	2	2	4	50	-1	-1	-1	-1	-1	-1	-1	-1	1	1	1	2	1	1	-1	-1	-1	-1	-1	1000	1000	1
12	10040201	火枪配方1	1	1	2	1	50	2	2	1	50	-1	-1	-1	-1	-1	-1	-1	-1	1	1	1	2	1	1	-1	-1	-1	-1	-1	1000	1000	1
13	10040202	火枪配方2	1	1	2	1	50	2	2	1	50	-1	-1	-1	-1	-1	-1	-1	-1	1	1	1	2	1	1	-1	-1	-1	-1	-1	1000	1000	1
14	10040203	火枪配方3	1	1	2	1	50	2	2	1	50	-1	-1	-1	-1	-1	-1	-1	-1	1	1	1	2	1	1	-1	-1	-1	-1	-1	1000	1000	1
15	10040204	火枪配方4	1	1	2	2	50	2	2	2	50	-1	-1	-1	-1	-1	-1	-1	-1	1	1	1	2	1	1	-1	-1	-1	-1	-1	1000	1000	1
16	10040205	火枪配方5	1	1	2	2	50	2	2	2	50	-1	-1	-1	-1	-1	-1	-1	-1	1	1	1	2	1	1	-1	-1	-1	-1	-1	1000	1000	1
17	10040206	火枪配方6	1	1	2	2	50	2	2	2	50	-1	-1	-1	-1	-1	-1	-1	-1	1	1	1	2	1	1	-1	-1	-1	-1	-1	1000	1000	1
18	10040207	火枪配方7	1	1	2	3	50	2	2	3	50	-1	-1	-1	-1	-1	-1	-1	-1	1	1	1	2	1	1	-1	-1	-1	-1	-1	1000	1000	1
19	10040208	火枪配方8	1	1	2	3	50	2	2	3	50	-1	-1	-1	-1	-1	-1	-1	-1	1	1	1	2	1	1	-1	-1	-1	-1	-1	1000	1000	1
20	10040209	火枪配方9	1	1	2	3	50	2	2	3	50	-1	-1	-1	-1	-1	-1	-1	-1	1	1	1	2	1	1	-1	-1	-1	-1	-1	1000	1000	1
21	10040210	火枪配方10	1	1	2	4	50	2	2	4	50	-1	-1	-1	-1	-1	-1	-1	-1	1	1	1	2	1	1	-1	-1	-1	-1	-1	1000	1000	1
22	10042201	近防火枪配方1	1	1	2	1	50	2	2	1	50	-1	-1	-1	-1	-1	-1	-1	-1	1	1	1	2	1	1	-1	-1	-1	-1	-1	1000	1000	1
23	10042202	近防火枪配方2	1	1	2	1	50	2	2	1	50	-1	-1	-1	-1	-1	-1	-1	-1	1	1	1	2	1	1	-1	-1	-1	-1	-1	1000	1000	1
24	10042203	近防火枪配方3	1	1	2	1	50	2	2	1	50	-1	-1	-1	-1	-1	-1	-1	-1	1	1	1	2	1	1	-1	-1	-1	-1	-1	1000	1000	1
25	10042204	近防火枪配方4	1	1	2	2	50	2	2	2	50	-1	-1	-1	-1	-1	-1	-1	-1	1	1	1	2	1	1	-1	-1	-1	-1	-1	1000	1000	1
26	10042205	近防火枪配方5	1	1	2	2	50	2	2	2	50	-1	-1	-1	-1	-1	-1	-1	-1	1	1	1	2	1	1	-1	-1	-1	-1	-1	1000	1000	1
27	10042206	近防火枪配方6	1	1	2	2	50	2	2	2	50	-1	-1	-1	-1	-1	-1	-1	-1	1	1	1	2	1	1	-1	-1	-1	-1	-1	1000	1000	1
28	10042207	近防火枪配方7	1	1	2	3	50	2	2	3	50	-1	-1	-1	-1	-1	-1	-1	-1	1	1	1	2	1	1	-1	-1	-1	-1	-1	1000	1000	1
29	10042208	近防火枪配方8	1	1	2	3	50	2	2	3	50	-1	-1	-1	-1	-1	-1	-1	-1	1	1	1	2	1	1	-1	-1	-1	-1	-1	1000	1000	1
30	10042209	近防火枪配方9	1	1	2	3	50	2	2	3	50	-1	-1	-1	-1	-1	-1	-1	-1	1	1	1	2	1	1	-1	-1	-1	-1	-1	1000	1000	1
31	10042210	近防火枪配方10	1	1	2	4	50	2	2	4	50	-1	-1	-1	-1	-1	-1	-1	-1	1	1	1	2	1	1	-1	-1	-1	-1	-1	1000	1000	1
32	10050201	杖配方1	1	1	2	1	50	2	2	1	50	-1	-1	-1	-1	-1	-1	-1	-1	1	1	1	2	1	1	-1	-1	-1	-1	-1	1000	1000	1
33	10050202	杖配方2	1	1	2	1	50	2	2	1	50	-1	-1	-1	-1	-1	-1	-1	-1	1	1	1	2	1	1	-1	-1	-1	-1	-1	1000	1000	1
34	10050203	杖配方3	1	1	2	1	50	2	2	1	50	-1	-1	-1	-1	-1	-1	-1	-1	1	1	1	2	1	1	-1	-1	-1	-1	-1	1000	1000	1
35	10050204	杖配方4	1	1	2	2	50	2	2	2	50	-1	-1	-1	-1	-1	-1	-1	-1	1	1	1	2	1	1	-1	-1	-1	-1	-1	1000	1000	1
36	10050205	杖配方5	1	1	2	2	50	2	2	2	50	-1	-1	-1	-1	-1	-1	-1	-1	1	1	1	2	1	1	-1	-1	-1	-1	-1	1000	1000	1
37	10050206	杖配方6	1	1	2	2	50	2	2	2	50	-1	-1	-1	-1	-1	-1	-1	-1	1	1	1	2	1	1	-1	-1	-1	-1	-1	1000	1000	1
38	10050207	杖配方7	1	1	2	3	50	2	2	3	50	-1	-1	-1	-1	-1	-1	-1	-1	1	1	1	2	1	1	-1	-1	-1	-1	-1	1000	1000	1
39	10050208	杖配方8	1	1	2	3	50	2	2	3	50	-1	-1	-1	-1	-1	-1	-1	-1	1	1	1	2	1	1	-1	-1	-1	-1	-1	1000	1000	1
40	10050209	杖配方9	1	1	2	3	50	2	2	3	50	-1	-1	-1	-1	-1	-1	-1	-1	1	1	1	2	1	1	-1	-1	-1	-1	-1	1000	1000	1
41	10050210	杖配方10	1	1	2	4	50	2	2	4	50	-1	-1	-1	-1	-1	-1	-1	-1	1	1	1	2	1	1	-1	-1	-1	-1	-1	1000	1000	1
42	10052201	近防杖配方1	1	1	2	1	50	2	2	1	50	-1	-1	-1	-1	-1	-1	-1	-1	1	1	1	2	1	1	-1	-1	-1	-1	-1	1000	1000	1
43	10052202	近防杖配方2	1	1	2	1	50	2	2	1	50	-1	-1	-1	-1	-1	-1	-1	-1	1	1	1	2	1	1	-1	-1	-1	-1	-1	1000	1000	1
44	10052203	近防杖配方3	1	1	2	1	50	2	2	1	50	-1	-1	-1	-1	-1	-1	-1	-1	1	1	1	2	1	1	-1	-1	-1	-1	-1	1000	1000	1
45	10052204	近防杖配方4	1	1	2	2	50	2	2	2	50	-1	-1	-1	-1	-1	-1	-1	-1	1	1	1	2	1	1	-1	-1	-1	-1	-1	1000	1000	1
46	10052205	近防杖配方5	1	1	2	2	50	2	2	2	50	-1	-1	-1	-1	-1	-1	-1	-1	1	1	1	2	1	1	-1	-1	-1	-1	-1	1000	1000	1
47	10052206	近防杖配方6	1	1	2	2	50	2	2	2	50	-1	-1	-1	-1	-1	-1	-1	-1	1	1	1	2	1	1	-1	-1	-1	-1	-1	1000	1000	1
48	10052207	近防杖配方7	1	1	2	3	50	2	2	3	50	-1	-1	-1	-1	-1	-1	-1	-1	1	1	1	2	1	1	-1	-1	-1	-1	-1	1000	1000	1
49	10052208	近防杖配方8	1	1	2	3	50	2	2	3	50	-1	-1	-1	-1	-1	-1	-1	-1	1	1	1	2	1	1	-1	-1	-1	-1	-1	1000	1000	1
50	10052209	近防杖配方9	1	1	2	3	50	2	2	3	50	-1	-1	-1	-1	-1	-1	-1	-1	1	1	1	2	1	1	-1	-1	-1	-1	-1	1000	1000	1
51	10052210	近防杖配方10	1	1	2	4	50	2	2	4	50	-1	-1	-1	-1	-1	-1	-1	-1	1	1	1	2	1	1	-1	-1	-1	-1	-1	1000	1000	1
52	10060201	槌配方1	1	1	2	1	50	2	2	1	50	-1	-1	-1	-1	-1	-1	-1	-1	1	1	1	2	1	1	-1	-1	-1	-1	-1	1000	1000	1
53	10060202	槌配方2	1	1	2	1	50	2	2	1	50	-1	-1	-1	-1	-1	-1	-1	-1	1	1	1	2	1	1	-1	-1	-1	-1	-1	1000	1000	1
54	10060203	槌配方3	1	1	2	1	50	2	2	1	50	-1	-1	-1	-1	-1	-1	-1	-1	1	1	1	2	1	1	-1	-1	-1	-1	-1	1000	1000	1
55	10060204	槌配方4	1	1	2	2	50	2	2	2	50	-1	-1	-1	-1	-1	-1	-1	-1	1	1	1	2	1	1	-1	-1	-1	-1	-1	1000	1000	1
56	10060205	槌配方5	1	1	2	2	50	2	2	2	50	-1	-1	-1	-1	-1	-1	-1	-1	1	1	1	2	1	1	-1	-1	-1	-1	-1	1000	1000	1
57	10060206	槌配方6	1	1	2	2	50	2	2	2	50	-1	-1	-1	-1	-1	-1	-1	-1	1	1	1	2	1	1	-1	-1	-1	-1	-1	1000	1000	1
58	10060207	槌配方7	1	1	2	3	50	2	2	3	50	-1	-1	-1	-1	-1	-1	-1	-1	1	1	1	2	1	1	-1	-1	-1	-1	-1	1000	1000	1
59	10060208	槌配方8	1	1	2	3	50	2	2	3	50	-1	-1	-1	-1	-1	-1	-1	-1	1	1	1	2	1	1	-1	-1	-1	-1	-1	1000	1000	1
60	10060209	槌配方9	1	1	2	3	50	2	2	3	50	-1	-1	-1	-1	-1	-1	-1	-1	1	1	1	2	1	1	-1	-1	-1	-1	-1	1000	1000	1
61	10060210	槌配方10	1	1	2	4	50	2	2	4	50	-1	-1	-1	-1	-1	-1	-1	-1	1	1	1	2	1	1	-1	-1	-1	-1	-1	1000	1000	1
62	10062201	近防槌配方1	1	1	2	1	50	2	2	1	50	-1	-1	-1	-1	-1	-1	-1	-1	1	1	1	2	1	1	-1	-1	-1	-1	-1	1000	1000	1
63	10062202	近防槌配方2	1	1	2	1	50	2	2	1	50	-1	-1	-1	-1	-1	-1	-1	-1	1	1	1	2	1	1	-1	-1	-1	-1	-1	1000	1000	1
64	10062203	近防槌配方3	1	1	2	1	50	2	2	1	50	-1	-1	-1	-1	-1	-1	-1	-1	1	1	1	2	1	1	-1	-1	-1	-1	-1	1000	1000	1
65	10062204	近防槌配方4	1	1	2	2	50	2	2	2	50	-1	-1	-1	-1	-1	-1	-1	-1	1	1	1	2	1	1	-1	-1	-1	-1	-1	1000	1000	1
66	10062205	近防槌配方5	1	1	2	2	50	2	2	2	50	-1	-1	-1	-1	-1	-1	-1	-1	1	1	1	2	1	1	-1	-1	-1	-1	-1	1000	1000	1
67	10062206	近防槌配方6	1	1	2	2	50	2	2	2	50	-1	-1	-1	-1	-1	-1	-1	-1	1	1	1	2	1	1	-1	-1	-1	-1	-1	1000	1000	1
68	10062207	近防槌配方7	1	1	2	3	50	2	2	3	50	-1	-1	-1	-1	-1	-1	-1	-1	1	1	1	2	1	1	-1	-1	-1	-1	-1	1000	1000	1
69	10062208	近防槌配方8	1	1	2	3	50	2	2	3	50	-1	-1	-1	-1	-1	-1	-1	-1	1	1	1	2	1	1	-1	-1	-1	-1	-1	1000	1000	1
70	10062209	近防槌配方9	1	1	2	3	50	2	2	3	50	-1	-1	-1	-1	-1	-1	-1	-1	1	1	1	2	1	1	-1	-1	-1	-1	-1	1000	1000	1
71	10062210	近防槌配方10	1	1	2	4	50	2	2	4	50	-1	-1	-1	-1	-1	-1	-1	-1	1	1	1	2	1	1	-1	-1	-1	-1	-1	1000	1000	1
72	10070201	盾配方1	1	1	2	1	50	2	2	1	50	-1	-1	-1	-1	-1	-1	-1	-1	1	1	1	2	1	1	-1	-1	-1	-1	-1	1000	1000	1
73	10070202	盾配方2	1	1	2	1	50	2	2	1	50	-1	-1	-1	-1	-1	-1	-1	-1	1	1	1	2	1	1	-1	-1	-1	-1	-1	1000	1000	1
74	10070203	盾配方3	1	1	2	1	50	2	2	1	50	-1	-1	-1	-1	-1	-1	-1	-1	1	1	1	2	1	1	-1	-1	-1	-1	-1	1000	1000	1
75	10070204	盾配方4	1	1	2	2	50	2	2	2	50	-1	-1	-1	-1	-1	-1	-1	-1	1	1	1	2	1	1	-1	-1	-1	-1	-1	1000	1000	1
76	10070205	盾配方5	1	1	2	2	50	2	2	2	50	-1	-1	-1	-1	-1	-1	-1	-1	1	1	1	2	1	1	-1	-1	-1	-1	-1	1000	1000	1
77	10070206	盾配方6	1	1	2	2	50	2	2	2	50	-1	-1	-1	-1	-1	-1	-1	-1	1	1	1	2	1	1	-1	-1	-1	-1	-1	1000	1000	1
78	10070207	盾配方7	1	1	2	3	50	2	2	3	50	-1	-1	-1	-1	-1	-1	-1	-1	1	1	1	2	1	1	-1	-1	-1	-1	-1	1000	1000	1
79	10070208	盾配方8	1	1	2	3	50	2	2	3	50	-1	-1	-1	-1	-1	-1	-1	-1	1	1	1	2	1	1	-1	-1	-1	-1	-1	1000	1000	1
80	10070209	盾配方9	1	1	2	3	50	2	2	3	50	-1	-1	-1	-1	-1	-1	-1	-1	1	1	1	2	1	1	-1	-1	-1	-1	-1	1000	1000	1
81	10070210	盾配方10	1	1	2	4	50	2	2	4	50	-1	-1	-1	-1	-1	-1	-1	-1	1	1	1	2	1	1	-1	-1	-1	-1	-1	1000	1000	1
82	10072201	近防盾配方1	1	1	2	1	50	2	2	1	50	-1	-1	-1	-1	-1	-1	-1	-1	1	1	1	2	1	1	-1	-1	-1	-1	-1	1000	1000	1
83	10072202	近防盾配方2	1	1	2	1	50	2	2	1	50	-1	-1	-1	-1	-1	-1	-1	-1	1	1	1	2	1	1	-1	-1	-1	-1	-1	1000	1000	1
84	10072203	近防盾配方3	1	1	2	1	50	2	2	1	50	-1	-1	-1	-1	-1	-1	-1	-1	1	1	1	2	1	1	-1	-1	-1	-1	-1	1000	1000	1
85	10072204	近防盾配方4	1	1	2	2	50	2	2	2	50	-1	-1	-1	-1	-1	-1	-1	-1	1	1	1	2	1	1	-1	-1	-1	-1	-1	1000	1000	1
86	10072205	近防盾配方5	1	1	2	2	50	2	2	2	50	-1	-1	-1	-1	-1	-1	-1	-1	1	1	1	2	1	1	-1	-1	-1	-1	-1	1000	1000	1
87	10072206	近防盾配方6	1	1	2	2	50	2	2	2	50	-1	-1	-1	-1	-1	-1	-1	-1	1	1	1	2	1	1	-1	-1	-1	-1	-1	1000	1000	1
88	10072207	近防盾配方7	1	1	2	3	50	2	2	3	50	-1	-1	-1	-1	-1	-1	-1	-1	1	1	1	2	1	1	-1	-1	-1	-1	-1	1000	1000	1
89	10072208	近防盾配方8	1	1	2	3	50	2	2	3	50	-1	-1	-1	-1	-1	-1	-1	-1	1	1	1	2	1	1	-1	-1	-1	-1	-1	1000	1000	1
90	10072209	近防盾配方9	1	1	2	3	50	2	2	3	50	-1	-1	-1	-1	-1	-1	-1	-1	1	1	1	2	1	1	-1	-1	-1	-1	-1	1000	1000	1
91	10072210	近防盾配方10	1	1	2	4	50	2	2	4	50	-1	-1	-1	-1	-1	-1	-1	-1	1	1	1	2	1	1	-1	-1	-1	-1	-1	1000	1000	1
92	10072301	远防盾配方1	1	1	2	1	50	2	2	1	50	-1	-1	-1	-1	-1	-1	-1	-1	1	1	1	2	1	1	-1	-1	-1	-1	-1	1000	1000	1
93	10072302	远防盾配方2	1	1	2	1	50	2	2	1	50	-1	-1	-1	-1	-1	-1	-1	-1	1	1	1	2	1	1	-1	-1	-1	-1	-1	1000	1000	1
94	10072303	远防盾配方3	1	1	2	1	50	2	2	1	50	-1	-1	-1	-1	-1	-1	-1	-1	1	1	1	2	1	1	-1	-1	-1	-1	-1	1000	1000	1
95	10072304	远防盾配方4	1	1	2	2	50	2	2	2	50	-1	-1	-1	-1	-1	-1	-1	-1	1	1	1	2	1	1	-1	-1	-1	-1	-1	1000	1000	1
96	10072305	远防盾配方5	1	1	2	2	50	2	2	2	50	-1	-1	-1	-1	-1	-1	-1	-1	1	1	1	2	1	1	-1	-1	-1	-1	-1	1000	1000	1
97	10072306	远防盾配方6	1	1	2	2	50	2	2	2	50	-1	-1	-1	-1	-1	-1	-1	-1	1	1	1	2	1	1	-1	-1	-1	-1	-1	1000	1000	1
98	10072307	远防盾配方7	1	1	2	3	50	2	2	3	50	-1	-1	-1	-1	-1	-1	-1	-1	1	1	1	2	1	1	-1	-1	-1	-1	-1	1000	1000	1
99	10072308	远防盾配方8	1	1	2	3	50	2	2	3	50	-1	-1	-1	-1	-1	-1	-1	-1	1	1	1	2	1	1	-1	-1	-1	-1	-1	1000	1000	1
100	10072309	远防盾配方9	1	1	2	3	50	2	2	3	50	-1	-1	-1	-1	-1	-1	-1	-1	1	1	1	2	1	1	-1	-1	-1	-1	-1	1000	1000	1
101	10072310	远防盾配方10	1	1	2	4	50	2	2	4	50	-1	-1	-1	-1	-1	-1	-1	-1	1	1	1	2	1	1	-1	-1	-1	-1	-1	1000	1000	1
102	10072401	魔防盾配方1	1	1	2	1	50	2	2	1	50	-1	-1	-1	-1	-1	-1	-1	-1	1	1	1	2	1	1	-1	-1	-1	-1	-1	1000	1000	1
103	10072402	魔防盾配方2	1	1	2	1	50	2	2	1	50	-1	-1	-1	-1	-1	-1	-1	-1	1	1	1	2	1	1	-1	-1	-1	-1	-1	1000	1000	1
104	10072403	魔防盾配方3	1	1	2	1	50	2	2	1	50	-1	-1	-1	-1	-1	-1	-1	-1	1	1	1	2	1	1	-1	-1	-1	-1	-1	1000	1000	1
105	10072404	魔防盾配方4	1	1	2	2	50	2	2	2	50	-1	-1	-1	-1	-1	-1	-1	-1	1	1	1	2	1	1	-1	-1	-1	-1	-1	1000	1000	1
106	10072405	魔防盾配方5	1	1	2	2	50	2	2	2	50	-1	-1	-1	-1	-1	-1	-1	-1	1	1	1	2	1	1	-1	-1	-1	-1	-1	1000	1000	1
107	10072406	魔防盾配方6	1	1	2	2	50	2	2	2	50	-1	-1	-1	-1	-1	-1	-1	-1	1	1	1	2	1	1	-1	-1	-1	-1	-1	1000	1000	1
108	10072407	魔防盾配方7	1	1	2	3	50	2	2	3	50	-1	-1	-1	-1	-1	-1	-1	-1	1	1	1	2	1	1	-1	-1	-1	-1	-1	1000	1000	1
109	10072408	魔防盾配方8	1	1	2	3	50	2	2	3	50	-1	-1	-1	-1	-1	-1	-1	-1	1	1	1	2	1	1	-1	-1	-1	-1	-1	1000	1000	1
110	10072409	魔防盾配方9	1	1	2	3	50	2	2	3	50	-1	-1	-1	-1	-1	-1	-1	-1	1	1	1	2	1	1	-1	-1	-1	-1	-1	1000	1000	1
111	10072410	魔防盾配方10	1	1	2	4	50	2	2	4	50	-1	-1	-1	-1	-1	-1	-1	-1	1	1	1	2	1	1	-1	-1	-1	-1	-1	1000	1000	1
112	10080201	副手剑配方1	1	1	2	1	50	2	2	1	50	-1	-1	-1	-1	-1	-1	-1	-1	1	1	1	2	1	1	-1	-1	-1	-1	-1	1000	1000	1
113	10080202	副手剑配方2	1	1	2	1	50	2	2	1	50	-1	-1	-1	-1	-1	-1	-1	-1	1	1	1	2	1	1	-1	-1	-1	-1	-1	1000	1000	1
114	10080203	副手剑配方3	1	1	2	1	50	2	2	1	50	-1	-1	-1	-1	-1	-1	-1	-1	1	1	1	2	1	1	-1	-1	-1	-1	-1	1000	1000	1
115	10080204	副手剑配方4	1	1	2	2	50	2	2	2	50	-1	-1	-1	-1	-1	-1	-1	-1	1	1	1	2	1	1	-1	-1	-1	-1	-1	1000	1000	1
116	10080205	副手剑配方5	1	1	2	2	50	2	2	2	50	-1	-1	-1	-1	-1	-1	-1	-1	1	1	1	2	1	1	-1	-1	-1	-1	-1	1000	1000	1
117	10080206	副手剑配方6	1	1	2	2	50	2	2	2	50	-1	-1	-1	-1	-1	-1	-1	-1	1	1	1	2	1	1	-1	-1	-1	-1	-1	1000	1000	1
118	10080207	副手剑配方7	1	1	2	3	50	2	2	3	50	-1	-1	-1	-1	-1	-1	-1	-1	1	1	1	2	1	1	-1	-1	-1	-1	-1	1000	1000	1
119	10080208	副手剑配方8	1	1	2	3	50	2	2	3	50	-1	-1	-1	-1	-1	-1	-1	-1	1	1	1	2	1	1	-1	-1	-1	-1	-1	1000	1000	1
120	10080209	副手剑配方9	1	1	2	3	50	2	2	3	50	-1	-1	-1	-1	-1	-1	-1	-1	1	1	1	2	1	1	-1	-1	-1	-1	-1	1000	1000	1
121	10080210	副手剑配方10	1	1	2	4	50	2	2	4	50	-1	-1	-1	-1	-1	-1	-1	-1	1	1	1	2	1	1	-1	-1	-1	-1	-1	1000	1000	1
122	10082201	近防副手剑配方1	1	1	2	1	50	2	2	1	50	-1	-1	-1	-1	-1	-1	-1	-1	1	1	1	2	1	1	-1	-1	-1	-1	-1	1000	1000	1
123	10082202	近防副手剑配方2	1	1	2	1	50	2	2	1	50	-1	-1	-1	-1	-1	-1	-1	-1	1	1	1	2	1	1	-1	-1	-1	-1	-1	1000	1000	1
124	10082203	近防副手剑配方3	1	1	2	1	50	2	2	1	50	-1	-1	-1	-1	-1	-1	-1	-1	1	1	1	2	1	1	-1	-1	-1	-1	-1	1000	1000	1
125	10082204	近防副手剑配方4	1	1	2	2	50	2	2	2	50	-1	-1	-1	-1	-1	-1	-1	-1	1	1	1	2	1	1	-1	-1	-1	-1	-1	1000	1000	1
126	10082205	近防副手剑配方5	1	1	2	2	50	2	2	2	50	-1	-1	-1	-1	-1	-1	-1	-1	1	1	1	2	1	1	-1	-1	-1	-1	-1	1000	1000	1
127	10082206	近防副手剑配方6	1	1	2	2	50	2	2	2	50	-1	-1	-1	-1	-1	-1	-1	-1	1	1	1	2	1	1	-1	-1	-1	-1	-1	1000	1000	1
128	10082207	近防副手剑配方7	1	1	2	3	50	2	2	3	50	-1	-1	-1	-1	-1	-1	-1	-1	1	1	1	2	1	1	-1	-1	-1	-1	-1	1000	1000	1
129	10082208	近防副手剑配方8	1	1	2	3	50	2	2	3	50	-1	-1	-1	-1	-1	-1	-1	-1	1	1	1	2	1	1	-1	-1	-1	-1	-1	1000	1000	1
130	10082209	近防副手剑配方9	1	1	2	3	50	2	2	3	50	-1	-1	-1	-1	-1	-1	-1	-1	1	1	1	2	1	1	-1	-1	-1	-1	-1	1000	1000	1
131	10082210	近防副手剑配方10	1	1	2	4	50	2	2	4	50	-1	-1	-1	-1	-1	-1	-1	-1	1	1	1	2	1	1	-1	-1	-1	-1	-1	1000	1000	1
132	10090201	箭配方1	1	1	2	1	50	2	2	1	50	-1	-1	-1	-1	-1	-1	-1	-1	1	1	1	2	1	1	-1	-1	-1	-1	-1	1000	1000	1
133	10090202	箭配方2	1	1	2	1	50	2	2	1	50	-1	-1	-1	-1	-1	-1	-1	-1	1	1	1	2	1	1	-1	-1	-1	-1	-1	1000	1000	1
134	10090203	箭配方3	1	1	2	1	50	2	2	1	50	-1	-1	-1	-1	-1	-1	-1	-1	1	1	1	2	1	1	-1	-1	-1	-1	-1	1000	1000	1
135	10090204	箭配方4	1	1	2	2	50	2	2	2	50	-1	-1	-1	-1	-1	-1	-1	-1	1	1	1	2	1	1	-1	-1	-1	-1	-1	1000	1000	1
136	10090205	箭配方5	1	1	2	2	50	2	2	2	50	-1	-1	-1	-1	-1	-1	-1	-1	1	1	1	2	1	1	-1	-1	-1	-1	-1	1000	1000	1
137	10090206	箭配方6	1	1	2	2	50	2	2	2	50	-1	-1	-1	-1	-1	-1	-1	-1	1	1	1	2	1	1	-1	-1	-1	-1	-1	1000	1000	1
138	10090207	箭配方7	1	1	2	3	50	2	2	3	50	-1	-1	-1	-1	-1	-1	-1	-1	1	1	1	2	1	1	-1	-1	-1	-1	-1	1000	1000	1
139	10090208	箭配方8	1	1	2	3	50	2	2	3	50	-1	-1	-1	-1	-1	-1	-1	-1	1	1	1	2	1	1	-1	-1	-1	-1	-1	1000	1000	1
140	10090209	箭配方9	1	1	2	3	50	2	2	3	50	-1	-1	-1	-1	-1	-1	-1	-1	1	1	1	2	1	1	-1	-1	-1	-1	-1	1000	1000	1
141	10090210	箭配方10	1	1	2	4	50	2	2	4	50	-1	-1	-1	-1	-1	-1	-1	-1	1	1	1	2	1	1	-1	-1	-1	-1	-1	1000	1000	1
142	10092201	近防箭配方1	1	1	2	1	50	2	2	1	50	-1	-1	-1	-1	-1	-1	-1	-1	1	1	1	2	1	1	-1	-1	-1	-1	-1	1000	1000	1
143	10092202	近防箭配方2	1	1	2	1	50	2	2	1	50	-1	-1	-1	-1	-1	-1	-1	-1	1	1	1	2	1	1	-1	-1	-1	-1	-1	1000	1000	1
144	10092203	近防箭配方3	1	1	2	1	50	2	2	1	50	-1	-1	-1	-1	-1	-1	-1	-1	1	1	1	2	1	1	-1	-1	-1	-1	-1	1000	1000	1
145	10092204	近防箭配方4	1	1	2	2	50	2	2	2	50	-1	-1	-1	-1	-1	-1	-1	-1	1	1	1	2	1	1	-1	-1	-1	-1	-1	1000	1000	1
146	10092205	近防箭配方5	1	1	2	2	50	2	2	2	50	-1	-1	-1	-1	-1	-1	-1	-1	1	1	1	2	1	1	-1	-1	-1	-1	-1	1000	1000	1
147	10092206	近防箭配方6	1	1	2	2	50	2	2	2	50	-1	-1	-1	-1	-1	-1	-1	-1	1	1	1	2	1	1	-1	-1	-1	-1	-1	1000	1000	1
148	10092207	近防箭配方7	1	1	2	3	50	2	2	3	50	-1	-1	-1	-1	-1	-1	-1	-1	1	1	1	2	1	1	-1	-1	-1	-1	-1	1000	1000	1
149	10092208	近防箭配方8	1	1	2	3	50	2	2	3	50	-1	-1	-1	-1	-1	-1	-1	-1	1	1	1	2	1	1	-1	-1	-1	-1	-1	1000	1000	1
150	10092209	近防箭配方9	1	1	2	3	50	2	2	3	50	-1	-1	-1	-1	-1	-1	-1	-1	1	1	1	2	1	1	-1	-1	-1	-1	-1	1000	1000	1
151	10092210	近防箭配方10	1	1	2	4	50	2	2	4	50	-1	-1	-1	-1	-1	-1	-1	-1	1	1	1	2	1	1	-1	-1	-1	-1	-1	1000	1000	1
152	10100201	子弹配方1	1	1	2	1	50	2	2	1	50	-1	-1	-1	-1	-1	-1	-1	-1	1	1	1	2	1	1	-1	-1	-1	-1	-1	1000	1000	1
153	10100202	子弹配方2	1	1	2	1	50	2	2	1	50	-1	-1	-1	-1	-1	-1	-1	-1	1	1	1	2	1	1	-1	-1	-1	-1	-1	1000	1000	1
154	10100203	子弹配方3	1	1	2	1	50	2	2	1	50	-1	-1	-1	-1	-1	-1	-1	-1	1	1	1	2	1	1	-1	-1	-1	-1	-1	1000	1000	1
155	10100204	子弹配方4	1	1	2	2	50	2	2	2	50	-1	-1	-1	-1	-1	-1	-1	-1	1	1	1	2	1	1	-1	-1	-1	-1	-1	1000	1000	1
156	10100205	子弹配方5	1	1	2	2	50	2	2	2	50	-1	-1	-1	-1	-1	-1	-1	-1	1	1	1	2	1	1	-1	-1	-1	-1	-1	1000	1000	1
157	10100206	子弹配方6	1	1	2	2	50	2	2	2	50	-1	-1	-1	-1	-1	-1	-1	-1	1	1	1	2	1	1	-1	-1	-1	-1	-1	1000	1000	1
158	10100207	子弹配方7	1	1	2	3	50	2	2	3	50	-1	-1	-1	-1	-1	-1	-1	-1	1	1	1	2	1	1	-1	-1	-1	-1	-1	1000	1000	1
159	10100208	子弹配方8	1	1	2	3	50	2	2	3	50	-1	-1	-1	-1	-1	-1	-1	-1	1	1	1	2	1	1	-1	-1	-1	-1	-1	1000	1000	1
160	10100209	子弹配方9	1	1	2	3	50	2	2	3	50	-1	-1	-1	-1	-1	-1	-1	-1	1	1	1	2	1	1	-1	-1	-1	-1	-1	1000	1000	1
161	10100210	子弹配方10	1	1	2	4	50	2	2	4	50	-1	-1	-1	-1	-1	-1	-1	-1	1	1	1	2	1	1	-1	-1	-1	-1	-1	1000	1000	1
162	10102201	近防子弹配方1	1	1	2	1	50	2	2	1	50	-1	-1	-1	-1	-1	-1	-1	-1	1	1	1	2	1	1	-1	-1	-1	-1	-1	1000	1000	1
163	10102202	近防子弹配方2	1	1	2	1	50	2	2	1	50	-1	-1	-1	-1	-1	-1	-1	-1	1	1	1	2	1	1	-1	-1	-1	-1	-1	1000	1000	1
164	10102203	近防子弹配方3	1	1	2	1	50	2	2	1	50	-1	-1	-1	-1	-1	-1	-1	-1	1	1	1	2	1	1	-1	-1	-1	-1	-1	1000	1000	1
165	10102204	近防子弹配方4	1	1	2	2	50	2	2	2	50	-1	-1	-1	-1	-1	-1	-1	-1	1	1	1	2	1	1	-1	-1	-1	-1	-1	1000	1000	1
166	10102205	近防子弹配方5	1	1	2	2	50	2	2	2	50	-1	-1	-1	-1	-1	-1	-1	-1	1	1	1	2	1	1	-1	-1	-1	-1	-1	1000	1000	1
167	10102206	近防子弹配方6	1	1	2	2	50	2	2	2	50	-1	-1	-1	-1	-1	-1	-1	-1	1	1	1	2	1	1	-1	-1	-1	-1	-1	1000	1000	1
168	10102207	近防子弹配方7	1	1	2	3	50	2	2	3	50	-1	-1	-1	-1	-1	-1	-1	-1	1	1	1	2	1	1	-1	-1	-1	-1	-1	1000	1000	1
169	10102208	近防子弹配方8	1	1	2	3	50	2	2	3	50	-1	-1	-1	-1	-1	-1	-1	-1	1	1	1	2	1	1	-1	-1	-1	-1	-1	1000	1000	1
170	10102209	近防子弹配方9	1	1	2	3	50	2	2	3	50	-1	-1	-1	-1	-1	-1	-1	-1	1	1	1	2	1	1	-1	-1	-1	-1	-1	1000	1000	1
171	10102210	近防子弹配方10	1	1	2	4	50	2	2	4	50	-1	-1	-1	-1	-1	-1	-1	-1	1	1	1	2	1	1	-1	-1	-1	-1	-1	1000	1000	1
172	10110201	号角配方1	1	1	2	1	50	2	2	1	50	-1	-1	-1	-1	-1	-1	-1	-1	1	1	1	2	1	1	-1	-1	-1	-1	-1	1000	1000	1
173	10110202	号角配方2	1	1	2	1	50	2	2	1	50	-1	-1	-1	-1	-1	-1	-1	-1	1	1	1	2	1	1	-1	-1	-1	-1	-1	1000	1000	1
174	10110203	号角配方3	1	1	2	1	50	2	2	1	50	-1	-1	-1	-1	-1	-1	-1	-1	1	1	1	2	1	1	-1	-1	-1	-1	-1	1000	1000	1
175	10110204	号角配方4	1	1	2	2	50	2	2	2	50	-1	-1	-1	-1	-1	-1	-1	-1	1	1	1	2	1	1	-1	-1	-1	-1	-1	1000	1000	1
176	10110205	号角配方5	1	1	2	2	50	2	2	2	50	-1	-1	-1	-1	-1	-1	-1	-1	1	1	1	2	1	1	-1	-1	-1	-1	-1	1000	1000	1
177	10110206	号角配方6	1	1	2	2	50	2	2	2	50	-1	-1	-1	-1	-1	-1	-1	-1	1	1	1	2	1	1	-1	-1	-1	-1	-1	1000	1000	1
178	10110207	号角配方7	1	1	2	3	50	2	2	3	50	-1	-1	-1	-1	-1	-1	-1	-1	1	1	1	2	1	1	-1	-1	-1	-1	-1	1000	1000	1
179	10110208	号角配方8	1	1	2	3	50	2	2	3	50	-1	-1	-1	-1	-1	-1	-1	-1	1	1	1	2	1	1	-1	-1	-1	-1	-1	1000	1000	1
180	10110209	号角配方9	1	1	2	3	50	2	2	3	50	-1	-1	-1	-1	-1	-1	-1	-1	1	1	1	2	1	1	-1	-1	-1	-1	-1	1000	1000	1
181	10110210	号角配方10	1	1	2	4	50	2	2	4	50	-1	-1	-1	-1	-1	-1	-1	-1	1	1	1	2	1	1	-1	-1	-1	-1	-1	1000	1000	1
182	10112201	近防号角配方1	1	1	2	1	50	2	2	1	50	-1	-1	-1	-1	-1	-1	-1	-1	1	1	1	2	1	1	-1	-1	-1	-1	-1	1000	1000	1
183	10112202	近防号角配方2	1	1	2	1	50	2	2	1	50	-1	-1	-1	-1	-1	-1	-1	-1	1	1	1	2	1	1	-1	-1	-1	-1	-1	1000	1000	1
184	10112203	近防号角配方3	1	1	2	1	50	2	2	1	50	-1	-1	-1	-1	-1	-1	-1	-1	1	1	1	2	1	1	-1	-1	-1	-1	-1	1000	1000	1
185	10112204	近防号角配方4	1	1	2	2	50	2	2	2	50	-1	-1	-1	-1	-1	-1	-1	-1	1	1	1	2	1	1	-1	-1	-1	-1	-1	1000	1000	1
186	10112205	近防号角配方5	1	1	2	2	50	2	2	2	50	-1	-1	-1	-1	-1	-1	-1	-1	1	1	1	2	1	1	-1	-1	-1	-1	-1	1000	1000	1
187	10112206	近防号角配方6	1	1	2	2	50	2	2	2	50	-1	-1	-1	-1	-1	-1	-1	-1	1	1	1	2	1	1	-1	-1	-1	-1	-1	1000	1000	1
188	10112207	近防号角配方7	1	1	2	3	50	2	2	3	50	-1	-1	-1	-1	-1	-1	-1	-1	1	1	1	2	1	1	-1	-1	-1	-1	-1	1000	1000	1
189	10112208	近防号角配方8	1	1	2	3	50	2	2	3	50	-1	-1	-1	-1	-1	-1	-1	-1	1	1	1	2	1	1	-1	-1	-1	-1	-1	1000	1000	1
190	10112209	近防号角配方9	1	1	2	3	50	2	2	3	50	-1	-1	-1	-1	-1	-1	-1	-1	1	1	1	2	1	1	-1	-1	-1	-1	-1	1000	1000	1
191	10112210	近防号角配方10	1	1	2	4	50	2	2	4	50	-1	-1	-1	-1	-1	-1	-1	-1	1	1	1	2	1	1	-1	-1	-1	-1	-1	1000	1000	1
192	10120201	鼓配方1	1	1	2	1	50	2	2	1	50	-1	-1	-1	-1	-1	-1	-1	-1	1	1	1	2	1	1	-1	-1	-1	-1	-1	1000	1000	1
193	10120202	鼓配方2	1	1	2	1	50	2	2	1	50	-1	-1	-1	-1	-1	-1	-1	-1	1	1	1	2	1	1	-1	-1	-1	-1	-1	1000	1000	1
194	10120203	鼓配方3	1	1	2	1	50	2	2	1	50	-1	-1	-1	-1	-1	-1	-1	-1	1	1	1	2	1	1	-1	-1	-1	-1	-1	1000	1000	1
195	10120204	鼓配方4	1	1	2	2	50	2	2	2	50	-1	-1	-1	-1	-1	-1	-1	-1	1	1	1	2	1	1	-1	-1	-1	-1	-1	1000	1000	1
196	10120205	鼓配方5	1	1	2	2	50	2	2	2	50	-1	-1	-1	-1	-1	-1	-1	-1	1	1	1	2	1	1	-1	-1	-1	-1	-1	1000	1000	1
197	10120206	鼓配方6	1	1	2	2	50	2	2	2	50	-1	-1	-1	-1	-1	-1	-1	-1	1	1	1	2	1	1	-1	-1	-1	-1	-1	1000	1000	1
198	10120207	鼓配方7	1	1	2	3	50	2	2	3	50	-1	-1	-1	-1	-1	-1	-1	-1	1	1	1	2	1	1	-1	-1	-1	-1	-1	1000	1000	1
199	10120208	鼓配方8	1	1	2	3	50	2	2	3	50	-1	-1	-1	-1	-1	-1	-1	-1	1	1	1	2	1	1	-1	-1	-1	-1	-1	1000	1000	1
200	10120209	鼓配方9	1	1	2	3	50	2	2	3	50	-1	-1	-1	-1	-1	-1	-1	-1	1	1	1	2	1	1	-1	-1	-1	-1	-1	1000	1000	1
201	10120210	鼓配方10	1	1	2	4	50	2	2	4	50	-1	-1	-1	-1	-1	-1	-1	-1	1	1	1	2	1	1	-1	-1	-1	-1	-1	1000	1000	1
202	10122201	近防鼓配方1	1	1	2	1	50	2	2	1	50	-1	-1	-1	-1	-1	-1	-1	-1	1	1	1	2	1	1	-1	-1	-1	-1	-1	1000	1000	1
203	10122202	近防鼓配方2	1	1	2	1	50	2	2	1	50	-1	-1	-1	-1	-1	-1	-1	-1	1	1	1	2	1	1	-1	-1	-1	-1	-1	1000	1000	1
204	10122203	近防鼓配方3	1	1	2	1	50	2	2	1	50	-1	-1	-1	-1	-1	-1	-1	-1	1	1	1	2	1	1	-1	-1	-1	-1	-1	1000	1000	1
205	10122204	近防鼓配方4	1	1	2	2	50	2	2	2	50	-1	-1	-1	-1	-1	-1	-1	-1	1	1	1	2	1	1	-1	-1	-1	-1	-1	1000	1000	1
206	10122205	近防鼓配方5	1	1	2	2	50	2	2	2	50	-1	-1	-1	-1	-1	-1	-1	-1	1	1	1	2	1	1	-1	-1	-1	-1	-1	1000	1000	1
207	10122206	近防鼓配方6	1	1	2	2	50	2	2	2	50	-1	-1	-1	-1	-1	-1	-1	-1	1	1	1	2	1	1	-1	-1	-1	-1	-1	1000	1000	1
208	10122207	近防鼓配方7	1	1	2	3	50	2	2	3	50	-1	-1	-1	-1	-1	-1	-1	-1	1	1	1	2	1	1	-1	-1	-1	-1	-1	1000	1000	1
209	10122208	近防鼓配方8	1	1	2	3	50	2	2	3	50	-1	-1	-1	-1	-1	-1	-1	-1	1	1	1	2	1	1	-1	-1	-1	-1	-1	1000	1000	1
210	10122209	近防鼓配方9	1	1	2	3	50	2	2	3	50	-1	-1	-1	-1	-1	-1	-1	-1	1	1	1	2	1	1	-1	-1	-1	-1	-1	1000	1000	1
211	10122210	近防鼓配方10	1	1	2	4	50	2	2	4	50	-1	-1	-1	-1	-1	-1	-1	-1	1	1	1	2	1	1	-1	-1	-1	-1	-1	1000	1000	1
212	10200201	头配方1	1	1	2	1	50	2	2	1	50	-1	-1	-1	-1	-1	-1	-1	-1	1	1	1	2	1	1	-1	-1	-1	-1	-1	1000	1000	1
213	10200202	头配方2	1	1	2	1	50	2	2	1	50	-1	-1	-1	-1	-1	-1	-1	-1	1	1	1	2	1	1	-1	-1	-1	-1	-1	1000	1000	1
214	10200203	头配方3	1	1	2	1	50	2	2	1	50	-1	-1	-1	-1	-1	-1	-1	-1	1	1	1	2	1	1	-1	-1	-1	-1	-1	1000	1000	1
215	10200204	头配方4	1	1	2	2	50	2	2	2	50	-1	-1	-1	-1	-1	-1	-1	-1	1	1	1	2	1	1	-1	-1	-1	-1	-1	1000	1000	1
216	10200205	头配方5	1	1	2	2	50	2	2	2	50	-1	-1	-1	-1	-1	-1	-1	-1	1	1	1	2	1	1	-1	-1	-1	-1	-1	1000	1000	1
217	10200206	头配方6	1	1	2	2	50	2	2	2	50	-1	-1	-1	-1	-1	-1	-1	-1	1	1	1	2	1	1	-1	-1	-1	-1	-1	1000	1000	1
218	10200207	头配方7	1	1	2	3	50	2	2	3	50	-1	-1	-1	-1	-1	-1	-1	-1	1	1	1	2	1	1	-1	-1	-1	-1	-1	1000	1000	1
219	10200208	头配方8	1	1	2	3	50	2	2	3	50	-1	-1	-1	-1	-1	-1	-1	-1	1	1	1	2	1	1	-1	-1	-1	-1	-1	1000	1000	1
220	10200209	头配方9	1	1	2	3	50	2	2	3	50	-1	-1	-1	-1	-1	-1	-1	-1	1	1	1	2	1	1	-1	-1	-1	-1	-1	1000	1000	1
221	10200210	头配方10	1	1	2	4	50	2	2	4	50	-1	-1	-1	-1	-1	-1	-1	-1	1	1	1	2	1	1	-1	-1	-1	-1	-1	1000	1000	1
222	10202201	近防头配方1	1	1	2	1	50	2	2	1	50	-1	-1	-1	-1	-1	-1	-1	-1	1	1	1	2	1	1	-1	-1	-1	-1	-1	1000	1000	1
223	10202202	近防头配方2	1	1	2	1	50	2	2	1	50	-1	-1	-1	-1	-1	-1	-1	-1	1	1	1	2	1	1	-1	-1	-1	-1	-1	1000	1000	1
224	10202203	近防头配方3	1	1	2	1	50	2	2	1	50	-1	-1	-1	-1	-1	-1	-1	-1	1	1	1	2	1	1	-1	-1	-1	-1	-1	1000	1000	1
225	10202204	近防头配方4	1	1	2	2	50	2	2	2	50	-1	-1	-1	-1	-1	-1	-1	-1	1	1	1	2	1	1	-1	-1	-1	-1	-1	1000	1000	1
226	10202205	近防头配方5	1	1	2	2	50	2	2	2	50	-1	-1	-1	-1	-1	-1	-1	-1	1	1	1	2	1	1	-1	-1	-1	-1	-1	1000	1000	1
227	10202206	近防头配方6	1	1	2	2	50	2	2	2	50	-1	-1	-1	-1	-1	-1	-1	-1	1	1	1	2	1	1	-1	-1	-1	-1	-1	1000	1000	1
228	10202207	近防头配方7	1	1	2	3	50	2	2	3	50	-1	-1	-1	-1	-1	-1	-1	-1	1	1	1	2	1	1	-1	-1	-1	-1	-1	1000	1000	1
229	10202208	近防头配方8	1	1	2	3	50	2	2	3	50	-1	-1	-1	-1	-1	-1	-1	-1	1	1	1	2	1	1	-1	-1	-1	-1	-1	1000	1000	1
230	10202209	近防头配方9	1	1	2	3	50	2	2	3	50	-1	-1	-1	-1	-1	-1	-1	-1	1	1	1	2	1	1	-1	-1	-1	-1	-1	1000	1000	1
231	10202210	近防头配方10	1	1	2	4	50	2	2	4	50	-1	-1	-1	-1	-1	-1	-1	-1	1	1	1	2	1	1	-1	-1	-1	-1	-1	1000	1000	1
232	10202301	远防头配方1	1	1	2	1	50	2	2	1	50	-1	-1	-1	-1	-1	-1	-1	-1	1	1	1	2	1	1	-1	-1	-1	-1	-1	1000	1000	1
233	10202302	远防头配方2	1	1	2	1	50	2	2	1	50	-1	-1	-1	-1	-1	-1	-1	-1	1	1	1	2	1	1	-1	-1	-1	-1	-1	1000	1000	1
234	10202303	远防头配方3	1	1	2	1	50	2	2	1	50	-1	-1	-1	-1	-1	-1	-1	-1	1	1	1	2	1	1	-1	-1	-1	-1	-1	1000	1000	1
235	10202304	远防头配方4	1	1	2	2	50	2	2	2	50	-1	-1	-1	-1	-1	-1	-1	-1	1	1	1	2	1	1	-1	-1	-1	-1	-1	1000	1000	1
236	10202305	远防头配方5	1	1	2	2	50	2	2	2	50	-1	-1	-1	-1	-1	-1	-1	-1	1	1	1	2	1	1	-1	-1	-1	-1	-1	1000	1000	1
237	10202306	远防头配方6	1	1	2	2	50	2	2	2	50	-1	-1	-1	-1	-1	-1	-1	-1	1	1	1	2	1	1	-1	-1	-1	-1	-1	1000	1000	1
238	10202307	远防头配方7	1	1	2	3	50	2	2	3	50	-1	-1	-1	-1	-1	-1	-1	-1	1	1	1	2	1	1	-1	-1	-1	-1	-1	1000	1000	1
239	10202308	远防头配方8	1	1	2	3	50	2	2	3	50	-1	-1	-1	-1	-1	-1	-1	-1	1	1	1	2	1	1	-1	-1	-1	-1	-1	1000	1000	1
240	10202309	远防头配方9	1	1	2	3	50	2	2	3	50	-1	-1	-1	-1	-1	-1	-1	-1	1	1	1	2	1	1	-1	-1	-1	-1	-1	1000	1000	1
241	10202310	远防头配方10	1	1	2	4	50	2	2	4	50	-1	-1	-1	-1	-1	-1	-1	-1	1	1	1	2	1	1	-1	-1	-1	-1	-1	1000	1000	1
242	10202401	魔防头配方1	1	1	2	1	50	2	2	1	50	-1	-1	-1	-1	-1	-1	-1	-1	1	1	1	2	1	1	-1	-1	-1	-1	-1	1000	1000	1
243	10202402	魔防头配方2	1	1	2	1	50	2	2	1	50	-1	-1	-1	-1	-1	-1	-1	-1	1	1	1	2	1	1	-1	-1	-1	-1	-1	1000	1000	1
244	10202403	魔防头配方3	1	1	2	1	50	2	2	1	50	-1	-1	-1	-1	-1	-1	-1	-1	1	1	1	2	1	1	-1	-1	-1	-1	-1	1000	1000	1
245	10202404	魔防头配方4	1	1	2	2	50	2	2	2	50	-1	-1	-1	-1	-1	-1	-1	-1	1	1	1	2	1	1	-1	-1	-1	-1	-1	1000	1000	1
246	10202405	魔防头配方5	1	1	2	2	50	2	2	2	50	-1	-1	-1	-1	-1	-1	-1	-1	1	1	1	2	1	1	-1	-1	-1	-1	-1	1000	1000	1
247	10202406	魔防头配方6	1	1	2	2	50	2	2	2	50	-1	-1	-1	-1	-1	-1	-1	-1	1	1	1	2	1	1	-1	-1	-1	-1	-1	1000	1000	1
248	10202407	魔防头配方7	1	1	2	3	50	2	2	3	50	-1	-1	-1	-1	-1	-1	-1	-1	1	1	1	2	1	1	-1	-1	-1	-1	-1	1000	1000	1
249	10202408	魔防头配方8	1	1	2	3	50	2	2	3	50	-1	-1	-1	-1	-1	-1	-1	-1	1	1	1	2	1	1	-1	-1	-1	-1	-1	1000	1000	1
250	10202409	魔防头配方9	1	1	2	3	50	2	2	3	50	-1	-1	-1	-1	-1	-1	-1	-1	1	1	1	2	1	1	-1	-1	-1	-1	-1	1000	1000	1
251	10202410	魔防头配方10	1	1	2	4	50	2	2	4	50	-1	-1	-1	-1	-1	-1	-1	-1	1	1	1	2	1	1	-1	-1	-1	-1	-1	1000	1000	1
252	10210201	颈配方1	1	1	2	1	50	2	2	1	50	-1	-1	-1	-1	-1	-1	-1	-1	1	1	1	2	1	1	-1	-1	-1	-1	-1	1000	1000	1
253	10210202	颈配方2	1	1	2	1	50	2	2	1	50	-1	-1	-1	-1	-1	-1	-1	-1	1	1	1	2	1	1	-1	-1	-1	-1	-1	1000	1000	1
254	10210203	颈配方3	1	1	2	1	50	2	2	1	50	-1	-1	-1	-1	-1	-1	-1	-1	1	1	1	2	1	1	-1	-1	-1	-1	-1	1000	1000	1
255	10210204	颈配方4	1	1	2	2	50	2	2	2	50	-1	-1	-1	-1	-1	-1	-1	-1	1	1	1	2	1	1	-1	-1	-1	-1	-1	1000	1000	1
256	10210205	颈配方5	1	1	2	2	50	2	2	2	50	-1	-1	-1	-1	-1	-1	-1	-1	1	1	1	2	1	1	-1	-1	-1	-1	-1	1000	1000	1
257	10210206	颈配方6	1	1	2	2	50	2	2	2	50	-1	-1	-1	-1	-1	-1	-1	-1	1	1	1	2	1	1	-1	-1	-1	-1	-1	1000	1000	1
258	10210207	颈配方7	1	1	2	3	50	2	2	3	50	-1	-1	-1	-1	-1	-1	-1	-1	1	1	1	2	1	1	-1	-1	-1	-1	-1	1000	1000	1
259	10210208	颈配方8	1	1	2	3	50	2	2	3	50	-1	-1	-1	-1	-1	-1	-1	-1	1	1	1	2	1	1	-1	-1	-1	-1	-1	1000	1000	1
260	10210209	颈配方9	1	1	2	3	50	2	2	3	50	-1	-1	-1	-1	-1	-1	-1	-1	1	1	1	2	1	1	-1	-1	-1	-1	-1	1000	1000	1
261	10210210	颈配方10	1	1	2	4	50	2	2	4	50	-1	-1	-1	-1	-1	-1	-1	-1	1	1	1	2	1	1	-1	-1	-1	-1	-1	1000	1000	1
262	10212201	近防颈配方1	1	1	2	1	50	2	2	1	50	-1	-1	-1	-1	-1	-1	-1	-1	1	1	1	2	1	1	-1	-1	-1	-1	-1	1000	1000	1
263	10212202	近防颈配方2	1	1	2	1	50	2	2	1	50	-1	-1	-1	-1	-1	-1	-1	-1	1	1	1	2	1	1	-1	-1	-1	-1	-1	1000	1000	1
264	10212203	近防颈配方3	1	1	2	1	50	2	2	1	50	-1	-1	-1	-1	-1	-1	-1	-1	1	1	1	2	1	1	-1	-1	-1	-1	-1	1000	1000	1
265	10212204	近防颈配方4	1	1	2	2	50	2	2	2	50	-1	-1	-1	-1	-1	-1	-1	-1	1	1	1	2	1	1	-1	-1	-1	-1	-1	1000	1000	1
266	10212205	近防颈配方5	1	1	2	2	50	2	2	2	50	-1	-1	-1	-1	-1	-1	-1	-1	1	1	1	2	1	1	-1	-1	-1	-1	-1	1000	1000	1
267	10212206	近防颈配方6	1	1	2	2	50	2	2	2	50	-1	-1	-1	-1	-1	-1	-1	-1	1	1	1	2	1	1	-1	-1	-1	-1	-1	1000	1000	1
268	10212207	近防颈配方7	1	1	2	3	50	2	2	3	50	-1	-1	-1	-1	-1	-1	-1	-1	1	1	1	2	1	1	-1	-1	-1	-1	-1	1000	1000	1
269	10212208	近防颈配方8	1	1	2	3	50	2	2	3	50	-1	-1	-1	-1	-1	-1	-1	-1	1	1	1	2	1	1	-1	-1	-1	-1	-1	1000	1000	1
270	10212209	近防颈配方9	1	1	2	3	50	2	2	3	50	-1	-1	-1	-1	-1	-1	-1	-1	1	1	1	2	1	1	-1	-1	-1	-1	-1	1000	1000	1
271	10212210	近防颈配方10	1	1	2	4	50	2	2	4	50	-1	-1	-1	-1	-1	-1	-1	-1	1	1	1	2	1	1	-1	-1	-1	-1	-1	1000	1000	1
272	10220201	肩配方1	1	1	2	1	50	2	2	1	50	-1	-1	-1	-1	-1	-1	-1	-1	1	1	1	2	1	1	-1	-1	-1	-1	-1	1000	1000	1
273	10220202	肩配方2	1	1	2	1	50	2	2	1	50	-1	-1	-1	-1	-1	-1	-1	-1	1	1	1	2	1	1	-1	-1	-1	-1	-1	1000	1000	1
274	10220203	肩配方3	1	1	2	1	50	2	2	1	50	-1	-1	-1	-1	-1	-1	-1	-1	1	1	1	2	1	1	-1	-1	-1	-1	-1	1000	1000	1
275	10220204	肩配方4	1	1	2	2	50	2	2	2	50	-1	-1	-1	-1	-1	-1	-1	-1	1	1	1	2	1	1	-1	-1	-1	-1	-1	1000	1000	1
276	10220205	肩配方5	1	1	2	2	50	2	2	2	50	-1	-1	-1	-1	-1	-1	-1	-1	1	1	1	2	1	1	-1	-1	-1	-1	-1	1000	1000	1
277	10220206	肩配方6	1	1	2	2	50	2	2	2	50	-1	-1	-1	-1	-1	-1	-1	-1	1	1	1	2	1	1	-1	-1	-1	-1	-1	1000	1000	1
278	10220207	肩配方7	1	1	2	3	50	2	2	3	50	-1	-1	-1	-1	-1	-1	-1	-1	1	1	1	2	1	1	-1	-1	-1	-1	-1	1000	1000	1
279	10220208	肩配方8	1	1	2	3	50	2	2	3	50	-1	-1	-1	-1	-1	-1	-1	-1	1	1	1	2	1	1	-1	-1	-1	-1	-1	1000	1000	1
280	10220209	肩配方9	1	1	2	3	50	2	2	3	50	-1	-1	-1	-1	-1	-1	-1	-1	1	1	1	2	1	1	-1	-1	-1	-1	-1	1000	1000	1
281	10220210	肩配方10	1	1	2	4	50	2	2	4	50	-1	-1	-1	-1	-1	-1	-1	-1	1	1	1	2	1	1	-1	-1	-1	-1	-1	1000	1000	1
282	10222201	近防肩配方1	1	1	2	1	50	2	2	1	50	-1	-1	-1	-1	-1	-1	-1	-1	1	1	1	2	1	1	-1	-1	-1	-1	-1	1000	1000	1
283	10222202	近防肩配方2	1	1	2	1	50	2	2	1	50	-1	-1	-1	-1	-1	-1	-1	-1	1	1	1	2	1	1	-1	-1	-1	-1	-1	1000	1000	1
284	10222203	近防肩配方3	1	1	2	1	50	2	2	1	50	-1	-1	-1	-1	-1	-1	-1	-1	1	1	1	2	1	1	-1	-1	-1	-1	-1	1000	1000	1
285	10222204	近防肩配方4	1	1	2	2	50	2	2	2	50	-1	-1	-1	-1	-1	-1	-1	-1	1	1	1	2	1	1	-1	-1	-1	-1	-1	1000	1000	1
286	10222205	近防肩配方5	1	1	2	2	50	2	2	2	50	-1	-1	-1	-1	-1	-1	-1	-1	1	1	1	2	1	1	-1	-1	-1	-1	-1	1000	1000	1
287	10222206	近防肩配方6	1	1	2	2	50	2	2	2	50	-1	-1	-1	-1	-1	-1	-1	-1	1	1	1	2	1	1	-1	-1	-1	-1	-1	1000	1000	1
288	10222207	近防肩配方7	1	1	2	3	50	2	2	3	50	-1	-1	-1	-1	-1	-1	-1	-1	1	1	1	2	1	1	-1	-1	-1	-1	-1	1000	1000	1
289	10222208	近防肩配方8	1	1	2	3	50	2	2	3	50	-1	-1	-1	-1	-1	-1	-1	-1	1	1	1	2	1	1	-1	-1	-1	-1	-1	1000	1000	1
290	10222209	近防肩配方9	1	1	2	3	50	2	2	3	50	-1	-1	-1	-1	-1	-1	-1	-1	1	1	1	2	1	1	-1	-1	-1	-1	-1	1000	1000	1
291	10222210	近防肩配方10	1	1	2	4	50	2	2	4	50	-1	-1	-1	-1	-1	-1	-1	-1	1	1	1	2	1	1	-1	-1	-1	-1	-1	1000	1000	1
292	10222301	远防肩配方1	1	1	2	1	50	2	2	1	50	-1	-1	-1	-1	-1	-1	-1	-1	1	1	1	2	1	1	-1	-1	-1	-1	-1	1000	1000	1
293	10222302	远防肩配方2	1	1	2	1	50	2	2	1	50	-1	-1	-1	-1	-1	-1	-1	-1	1	1	1	2	1	1	-1	-1	-1	-1	-1	1000	1000	1
294	10222303	远防肩配方3	1	1	2	1	50	2	2	1	50	-1	-1	-1	-1	-1	-1	-1	-1	1	1	1	2	1	1	-1	-1	-1	-1	-1	1000	1000	1
295	10222304	远防肩配方4	1	1	2	2	50	2	2	2	50	-1	-1	-1	-1	-1	-1	-1	-1	1	1	1	2	1	1	-1	-1	-1	-1	-1	1000	1000	1
296	10222305	远防肩配方5	1	1	2	2	50	2	2	2	50	-1	-1	-1	-1	-1	-1	-1	-1	1	1	1	2	1	1	-1	-1	-1	-1	-1	1000	1000	1
297	10222306	远防肩配方6	1	1	2	2	50	2	2	2	50	-1	-1	-1	-1	-1	-1	-1	-1	1	1	1	2	1	1	-1	-1	-1	-1	-1	1000	1000	1
298	10222307	远防肩配方7	1	1	2	3	50	2	2	3	50	-1	-1	-1	-1	-1	-1	-1	-1	1	1	1	2	1	1	-1	-1	-1	-1	-1	1000	1000	1
299	10222308	远防肩配方8	1	1	2	3	50	2	2	3	50	-1	-1	-1	-1	-1	-1	-1	-1	1	1	1	2	1	1	-1	-1	-1	-1	-1	1000	1000	1
300	10222309	远防肩配方9	1	1	2	3	50	2	2	3	50	-1	-1	-1	-1	-1	-1	-1	-1	1	1	1	2	1	1	-1	-1	-1	-1	-1	1000	1000	1
301	10222310	远防肩配方10	1	1	2	4	50	2	2	4	50	-1	-1	-1	-1	-1	-1	-1	-1	1	1	1	2	1	1	-1	-1	-1	-1	-1	1000	1000	1
302	10222401	魔防肩配方1	1	1	2	1	50	2	2	1	50	-1	-1	-1	-1	-1	-1	-1	-1	1	1	1	2	1	1	-1	-1	-1	-1	-1	1000	1000	1
303	10222402	魔防肩配方2	1	1	2	1	50	2	2	1	50	-1	-1	-1	-1	-1	-1	-1	-1	1	1	1	2	1	1	-1	-1	-1	-1	-1	1000	1000	1
304	10222403	魔防肩配方3	1	1	2	1	50	2	2	1	50	-1	-1	-1	-1	-1	-1	-1	-1	1	1	1	2	1	1	-1	-1	-1	-1	-1	1000	1000	1
305	10222404	魔防肩配方4	1	1	2	2	50	2	2	2	50	-1	-1	-1	-1	-1	-1	-1	-1	1	1	1	2	1	1	-1	-1	-1	-1	-1	1000	1000	1
306	10222405	魔防肩配方5	1	1	2	2	50	2	2	2	50	-1	-1	-1	-1	-1	-1	-1	-1	1	1	1	2	1	1	-1	-1	-1	-1	-1	1000	1000	1
307	10222406	魔防肩配方6	1	1	2	2	50	2	2	2	50	-1	-1	-1	-1	-1	-1	-1	-1	1	1	1	2	1	1	-1	-1	-1	-1	-1	1000	1000	1
308	10222407	魔防肩配方7	1	1	2	3	50	2	2	3	50	-1	-1	-1	-1	-1	-1	-1	-1	1	1	1	2	1	1	-1	-1	-1	-1	-1	1000	1000	1
309	10222408	魔防肩配方8	1	1	2	3	50	2	2	3	50	-1	-1	-1	-1	-1	-1	-1	-1	1	1	1	2	1	1	-1	-1	-1	-1	-1	1000	1000	1
310	10222409	魔防肩配方9	1	1	2	3	50	2	2	3	50	-1	-1	-1	-1	-1	-1	-1	-1	1	1	1	2	1	1	-1	-1	-1	-1	-1	1000	1000	1
311	10222410	魔防肩配方10	1	1	2	4	50	2	2	4	50	-1	-1	-1	-1	-1	-1	-1	-1	1	1	1	2	1	1	-1	-1	-1	-1	-1	1000	1000	1
312	10230201	衣服配方1	1	1	2	1	50	2	2	1	50	-1	-1	-1	-1	-1	-1	-1	-1	1	1	1	2	1	1	-1	-1	-1	-1	-1	1000	1000	1
313	10230202	衣服配方2	1	1	2	1	50	2	2	1	50	-1	-1	-1	-1	-1	-1	-1	-1	1	1	1	2	1	1	-1	-1	-1	-1	-1	1000	1000	1
314	10230203	衣服配方3	1	1	2	1	50	2	2	1	50	-1	-1	-1	-1	-1	-1	-1	-1	1	1	1	2	1	1	-1	-1	-1	-1	-1	1000	1000	1
315	10230204	衣服配方4	1	1	2	2	50	2	2	2	50	-1	-1	-1	-1	-1	-1	-1	-1	1	1	1	2	1	1	-1	-1	-1	-1	-1	1000	1000	1
316	10230205	衣服配方5	1	1	2	2	50	2	2	2	50	-1	-1	-1	-1	-1	-1	-1	-1	1	1	1	2	1	1	-1	-1	-1	-1	-1	1000	1000	1
317	10230206	衣服配方6	1	1	2	2	50	2	2	2	50	-1	-1	-1	-1	-1	-1	-1	-1	1	1	1	2	1	1	-1	-1	-1	-1	-1	1000	1000	1
318	10230207	衣服配方7	1	1	2	3	50	2	2	3	50	-1	-1	-1	-1	-1	-1	-1	-1	1	1	1	2	1	1	-1	-1	-1	-1	-1	1000	1000	1
319	10230208	衣服配方8	1	1	2	3	50	2	2	3	50	-1	-1	-1	-1	-1	-1	-1	-1	1	1	1	2	1	1	-1	-1	-1	-1	-1	1000	1000	1
320	10230209	衣服配方9	1	1	2	3	50	2	2	3	50	-1	-1	-1	-1	-1	-1	-1	-1	1	1	1	2	1	1	-1	-1	-1	-1	-1	1000	1000	1
321	10230210	衣服配方10	1	1	2	4	50	2	2	4	50	-1	-1	-1	-1	-1	-1	-1	-1	1	1	1	2	1	1	-1	-1	-1	-1	-1	1000	1000	1
322	10232201	近防衣服配方1	1	1	2	1	50	2	2	1	50	-1	-1	-1	-1	-1	-1	-1	-1	1	1	1	2	1	1	-1	-1	-1	-1	-1	1000	1000	1
323	10232202	近防衣服配方2	1	1	2	1	50	2	2	1	50	-1	-1	-1	-1	-1	-1	-1	-1	1	1	1	2	1	1	-1	-1	-1	-1	-1	1000	1000	1
324	10232203	近防衣服配方3	1	1	2	1	50	2	2	1	50	-1	-1	-1	-1	-1	-1	-1	-1	1	1	1	2	1	1	-1	-1	-1	-1	-1	1000	1000	1
325	10232204	近防衣服配方4	1	1	2	2	50	2	2	2	50	-1	-1	-1	-1	-1	-1	-1	-1	1	1	1	2	1	1	-1	-1	-1	-1	-1	1000	1000	1
326	10232205	近防衣服配方5	1	1	2	2	50	2	2	2	50	-1	-1	-1	-1	-1	-1	-1	-1	1	1	1	2	1	1	-1	-1	-1	-1	-1	1000	1000	1
327	10232206	近防衣服配方6	1	1	2	2	50	2	2	2	50	-1	-1	-1	-1	-1	-1	-1	-1	1	1	1	2	1	1	-1	-1	-1	-1	-1	1000	1000	1
328	10232207	近防衣服配方7	1	1	2	3	50	2	2	3	50	-1	-1	-1	-1	-1	-1	-1	-1	1	1	1	2	1	1	-1	-1	-1	-1	-1	1000	1000	1
329	10232208	近防衣服配方8	1	1	2	3	50	2	2	3	50	-1	-1	-1	-1	-1	-1	-1	-1	1	1	1	2	1	1	-1	-1	-1	-1	-1	1000	1000	1
330	10232209	近防衣服配方9	1	1	2	3	50	2	2	3	50	-1	-1	-1	-1	-1	-1	-1	-1	1	1	1	2	1	1	-1	-1	-1	-1	-1	1000	1000	1
331	10232210	近防衣服配方10	1	1	2	4	50	2	2	4	50	-1	-1	-1	-1	-1	-1	-1	-1	1	1	1	2	1	1	-1	-1	-1	-1	-1	1000	1000	1
332	10232301	远防衣服配方1	1	1	2	1	50	2	2	1	50	-1	-1	-1	-1	-1	-1	-1	-1	1	1	1	2	1	1	-1	-1	-1	-1	-1	1000	1000	1
333	10232302	远防衣服配方2	1	1	2	1	50	2	2	1	50	-1	-1	-1	-1	-1	-1	-1	-1	1	1	1	2	1	1	-1	-1	-1	-1	-1	1000	1000	1
334	10232303	远防衣服配方3	1	1	2	1	50	2	2	1	50	-1	-1	-1	-1	-1	-1	-1	-1	1	1	1	2	1	1	-1	-1	-1	-1	-1	1000	1000	1
335	10232304	远防衣服配方4	1	1	2	2	50	2	2	2	50	-1	-1	-1	-1	-1	-1	-1	-1	1	1	1	2	1	1	-1	-1	-1	-1	-1	1000	1000	1
336	10232305	远防衣服配方5	1	1	2	2	50	2	2	2	50	-1	-1	-1	-1	-1	-1	-1	-1	1	1	1	2	1	1	-1	-1	-1	-1	-1	1000	1000	1
337	10232306	远防衣服配方6	1	1	2	2	50	2	2	2	50	-1	-1	-1	-1	-1	-1	-1	-1	1	1	1	2	1	1	-1	-1	-1	-1	-1	1000	1000	1
338	10232307	远防衣服配方7	1	1	2	3	50	2	2	3	50	-1	-1	-1	-1	-1	-1	-1	-1	1	1	1	2	1	1	-1	-1	-1	-1	-1	1000	1000	1
339	10232308	远防衣服配方8	1	1	2	3	50	2	2	3	50	-1	-1	-1	-1	-1	-1	-1	-1	1	1	1	2	1	1	-1	-1	-1	-1	-1	1000	1000	1
340	10232309	远防衣服配方9	1	1	2	3	50	2	2	3	50	-1	-1	-1	-1	-1	-1	-1	-1	1	1	1	2	1	1	-1	-1	-1	-1	-1	1000	1000	1
341	10232310	远防衣服配方10	1	1	2	4	50	2	2	4	50	-1	-1	-1	-1	-1	-1	-1	-1	1	1	1	2	1	1	-1	-1	-1	-1	-1	1000	1000	1
342	10232401	魔防衣服配方1	1	1	2	1	50	2	2	1	50	-1	-1	-1	-1	-1	-1	-1	-1	1	1	1	2	1	1	-1	-1	-1	-1	-1	1000	1000	1
343	10232402	魔防衣服配方2	1	1	2	1	50	2	2	1	50	-1	-1	-1	-1	-1	-1	-1	-1	1	1	1	2	1	1	-1	-1	-1	-1	-1	1000	1000	1
344	10232403	魔防衣服配方3	1	1	2	1	50	2	2	1	50	-1	-1	-1	-1	-1	-1	-1	-1	1	1	1	2	1	1	-1	-1	-1	-1	-1	1000	1000	1
345	10232404	魔防衣服配方4	1	1	2	2	50	2	2	2	50	-1	-1	-1	-1	-1	-1	-1	-1	1	1	1	2	1	1	-1	-1	-1	-1	-1	1000	1000	1
346	10232405	魔防衣服配方5	1	1	2	2	50	2	2	2	50	-1	-1	-1	-1	-1	-1	-1	-1	1	1	1	2	1	1	-1	-1	-1	-1	-1	1000	1000	1
347	10232406	魔防衣服配方6	1	1	2	2	50	2	2	2	50	-1	-1	-1	-1	-1	-1	-1	-1	1	1	1	2	1	1	-1	-1	-1	-1	-1	1000	1000	1
348	10232407	魔防衣服配方7	1	1	2	3	50	2	2	3	50	-1	-1	-1	-1	-1	-1	-1	-1	1	1	1	2	1	1	-1	-1	-1	-1	-1	1000	1000	1
349	10232408	魔防衣服配方8	1	1	2	3	50	2	2	3	50	-1	-1	-1	-1	-1	-1	-1	-1	1	1	1	2	1	1	-1	-1	-1	-1	-1	1000	1000	1
350	10232409	魔防衣服配方9	1	1	2	3	50	2	2	3	50	-1	-1	-1	-1	-1	-1	-1	-1	1	1	1	2	1	1	-1	-1	-1	-1	-1	1000	1000	1
351	10232410	魔防衣服配方10	1	1	2	4	50	2	2	4	50	-1	-1	-1	-1	-1	-1	-1	-1	1	1	1	2	1	1	-1	-1	-1	-1	-1	1000	1000	1
352	10240201	护腕配方1	1	1	2	1	50	2	2	1	50	-1	-1	-1	-1	-1	-1	-1	-1	1	1	1	2	1	1	-1	-1	-1	-1	-1	1000	1000	1
353	10240202	护腕配方2	1	1	2	1	50	2	2	1	50	-1	-1	-1	-1	-1	-1	-1	-1	1	1	1	2	1	1	-1	-1	-1	-1	-1	1000	1000	1
354	10240203	护腕配方3	1	1	2	1	50	2	2	1	50	-1	-1	-1	-1	-1	-1	-1	-1	1	1	1	2	1	1	-1	-1	-1	-1	-1	1000	1000	1
355	10240204	护腕配方4	1	1	2	2	50	2	2	2	50	-1	-1	-1	-1	-1	-1	-1	-1	1	1	1	2	1	1	-1	-1	-1	-1	-1	1000	1000	1
356	10240205	护腕配方5	1	1	2	2	50	2	2	2	50	-1	-1	-1	-1	-1	-1	-1	-1	1	1	1	2	1	1	-1	-1	-1	-1	-1	1000	1000	1
357	10240206	护腕配方6	1	1	2	2	50	2	2	2	50	-1	-1	-1	-1	-1	-1	-1	-1	1	1	1	2	1	1	-1	-1	-1	-1	-1	1000	1000	1
358	10240207	护腕配方7	1	1	2	3	50	2	2	3	50	-1	-1	-1	-1	-1	-1	-1	-1	1	1	1	2	1	1	-1	-1	-1	-1	-1	1000	1000	1
359	10240208	护腕配方8	1	1	2	3	50	2	2	3	50	-1	-1	-1	-1	-1	-1	-1	-1	1	1	1	2	1	1	-1	-1	-1	-1	-1	1000	1000	1
360	10240209	护腕配方9	1	1	2	3	50	2	2	3	50	-1	-1	-1	-1	-1	-1	-1	-1	1	1	1	2	1	1	-1	-1	-1	-1	-1	1000	1000	1
361	10240210	护腕配方10	1	1	2	4	50	2	2	4	50	-1	-1	-1	-1	-1	-1	-1	-1	1	1	1	2	1	1	-1	-1	-1	-1	-1	1000	1000	1
362	10242201	近防护腕配方1	1	1	2	1	50	2	2	1	50	-1	-1	-1	-1	-1	-1	-1	-1	1	1	1	2	1	1	-1	-1	-1	-1	-1	1000	1000	1
363	10242202	近防护腕配方2	1	1	2	1	50	2	2	1	50	-1	-1	-1	-1	-1	-1	-1	-1	1	1	1	2	1	1	-1	-1	-1	-1	-1	1000	1000	1
364	10242203	近防护腕配方3	1	1	2	1	50	2	2	1	50	-1	-1	-1	-1	-1	-1	-1	-1	1	1	1	2	1	1	-1	-1	-1	-1	-1	1000	1000	1
365	10242204	近防护腕配方4	1	1	2	2	50	2	2	2	50	-1	-1	-1	-1	-1	-1	-1	-1	1	1	1	2	1	1	-1	-1	-1	-1	-1	1000	1000	1
366	10242205	近防护腕配方5	1	1	2	2	50	2	2	2	50	-1	-1	-1	-1	-1	-1	-1	-1	1	1	1	2	1	1	-1	-1	-1	-1	-1	1000	1000	1
367	10242206	近防护腕配方6	1	1	2	2	50	2	2	2	50	-1	-1	-1	-1	-1	-1	-1	-1	1	1	1	2	1	1	-1	-1	-1	-1	-1	1000	1000	1
368	10242207	近防护腕配方7	1	1	2	3	50	2	2	3	50	-1	-1	-1	-1	-1	-1	-1	-1	1	1	1	2	1	1	-1	-1	-1	-1	-1	1000	1000	1
369	10242208	近防护腕配方8	1	1	2	3	50	2	2	3	50	-1	-1	-1	-1	-1	-1	-1	-1	1	1	1	2	1	1	-1	-1	-1	-1	-1	1000	1000	1
370	10242209	近防护腕配方9	1	1	2	3	50	2	2	3	50	-1	-1	-1	-1	-1	-1	-1	-1	1	1	1	2	1	1	-1	-1	-1	-1	-1	1000	1000	1
371	10242210	近防护腕配方10	1	1	2	4	50	2	2	4	50	-1	-1	-1	-1	-1	-1	-1	-1	1	1	1	2	1	1	-1	-1	-1	-1	-1	1000	1000	1
372	10242301	远防护腕配方1	1	1	2	1	50	2	2	1	50	-1	-1	-1	-1	-1	-1	-1	-1	1	1	1	2	1	1	-1	-1	-1	-1	-1	1000	1000	1
373	10242302	远防护腕配方2	1	1	2	1	50	2	2	1	50	-1	-1	-1	-1	-1	-1	-1	-1	1	1	1	2	1	1	-1	-1	-1	-1	-1	1000	1000	1
374	10242303	远防护腕配方3	1	1	2	1	50	2	2	1	50	-1	-1	-1	-1	-1	-1	-1	-1	1	1	1	2	1	1	-1	-1	-1	-1	-1	1000	1000	1
375	10242304	远防护腕配方4	1	1	2	2	50	2	2	2	50	-1	-1	-1	-1	-1	-1	-1	-1	1	1	1	2	1	1	-1	-1	-1	-1	-1	1000	1000	1
376	10242305	远防护腕配方5	1	1	2	2	50	2	2	2	50	-1	-1	-1	-1	-1	-1	-1	-1	1	1	1	2	1	1	-1	-1	-1	-1	-1	1000	1000	1
377	10242306	远防护腕配方6	1	1	2	2	50	2	2	2	50	-1	-1	-1	-1	-1	-1	-1	-1	1	1	1	2	1	1	-1	-1	-1	-1	-1	1000	1000	1
378	10242307	远防护腕配方7	1	1	2	3	50	2	2	3	50	-1	-1	-1	-1	-1	-1	-1	-1	1	1	1	2	1	1	-1	-1	-1	-1	-1	1000	1000	1
																																	
																																	
########	搜侠录测试配方		########	########	########	########																											
999	10271001	新手棒配方	1	1	2	1	50	2	2	1	50	-1	-1	-1	-1	-1	-1	-1	-1	1	1	1	2	1	1	-1	-1	-1	-1	-1	1000	1000	0
########	########	########	########	########	########	########																											
