INT	STRING	INT	INT	STRING	STRING	INT	INT	INT	INT	INT	INT	INT	INT	INT	INT	INT	INT	INT	INT	INT	INT	INT	INT	INT	INT	INT	INT	INT	INT	INT	INT	INT	INT	INT	INT	INT	STRING	STRING	STRING	STRING	STRING	STRING	INT
骑乘的ID	骑乘名称	骑乘等级	骑乘携带等级	还童后的ＩＤ	交配后的ID	是否可以交配	是否变异	繁殖代数	骑乘的归属	无主骑乘存活时间	初始最小力量	初始最大力量	初始最小敏捷	初始最大敏捷	初始最小智力	初始最大智力	初始最小体质	初始最大体质	初始最小力量资质	初始最大力量资质	初始最小敏捷资质	初始最大敏捷资质	初始最小智力资质	初始最大智力资质	初始最小体质资质	初始最大体质资质	初始最小悟性	初始最大悟性	初始最小根骨	初始最大根骨	初始最小成长率	初始最大成长率	移动速度	对应表现ＩＤ	对应表现ID	骑乘技能数	骑乘技能1	骑乘技能2	骑乘技能3	骑乘技能4	骑乘技能5	骑乘技能6	骑乘领悟技能ＩＤ
1	野马1	1	10	7	-1	0	0	1	0	50000	1	2	1	2	1	2	1	2	1125	1375	1125	1375	1125	1375	1125	1375	1	3	0	1	346	380	5	1000	1	2	11000	-1	-1	-1	-1	-1	1
2	野马2	1	10	8	-1	0	0	1	0	50000	1	2	1	2	1	2	1	2	625	1875	625	1875	625	1875	1800	1875	1	3	0	1	346	380	5	1000	1	2	11000	-1	-1	-1	-1	-1	1
3	野马3	1	10	9	-1	0	0	1	0	50000	1	2	1	2	1	2	2	3	900	1100	900	1100	900	1100	1350	2200	1	3	0	1	346	380	5	1000	1	2	11000	-1	-1	-1	-1	-1	1
4	野马4	1	10	10	-1	0	0	1	0	50000	1	2	1	2	1	2	2	2	1125	1375	1125	1375	900	1100	1350	1650	1	3	0	1	346	380	5	1000	1	2	11000	-1	-1	-1	-1	-1	1
5	野马5	1	10	11	-1	0	0	1	0	50000	1	2	1	2	1	2	2	2	900	1100	1125	1375	1125	1375	1350	1650	1	3	0	1	346	380	5	1000	1	2	11000	-1	-1	-1	-1	-1	1
6	野马6	1	10	12	-1	0	0	1	0	50000	1	2	1	2	1	2	2	2	1125	1375	900	1100	1125	1375	1458	1650	1	3	0	1	346	380	5	1000	1	2	11000	-1	-1	-1	-1	-1	1
7	战马7	1	10	7	16	1	0	1	0	50000	2	4	2	4	2	4	2	4	765	1785	765	1785	765	1785	765	1785	1	3	1	1	680	714	5	1000	2	2	11000	-1	-1	-1	-1	-1	1
8	战马8	1	10	8	17	1	0	1	0	50000	1	3	1	3	1	3	1	3	408	1632	408	1632	408	1632	408	1632	1	3	1	1	680	714	5	1000	2	2	11000	-1	-1	-1	-1	-1	1
9	战马9	1	10	9	18	1	0	1	0	50000	1	2	1	2	1	2	4	11	204	816	204	816	204	816	1428	5712	1	3	1	1	680	714	5	1000	2	2	11000	-1	-1	-1	-1	-1	1
10	战马10	1	10	10	19	1	0	1	0	50000	2	2	2	2	4	5	3	4	612	918	612	918	1632	2448	1224	1836	1	3	1	1	680	714	5	1000	2	2	11000	-1	-1	-1	-1	-1	1
11	战马11	1	10	11	20	1	0	1	0	50000	4	5	2	2	2	2	3	4	1632	2448	612	918	612	918	1224	1836	1	3	1	1	680	714	5	1000	2	2	11000	-1	-1	-1	-1	-1	1
12	战马12	1	10	12	21	1	0	1	0	50000	2	2	4	5	2	2	3	4	612	918	1632	2448	612	918	1224	1836	1	3	1	1	680	714	5	1000	2	2	11000	-1	-1	-1	-1	-1	1
13	战马13	1	10	13	22	1	0	1	0	50000	1	2	7	8	1	2	1	2	408	612	408	612	2856	4284	408	612	1	3	1	1	680	714	5	1000	1	2	11000	-1	-1	-1	-1	-1	1
14	战马14	1	10	14	23	1	0	1	0	50000	1	2	1	2	7	8	1	2	2856	4284	408	612	408	612	408	612	1	3	1	1	680	714	5	1000	1	2	11000	-1	-1	-1	-1	-1	1
15	战马15	1	10	15	24	1	0	1	0	50000	7	8	1	2	1	2	1	2	408	612	2856	4284	408	612	408	612	1	3	1	1	680	714	5	1000	1	2	11000	-1	-1	-1	-1	-1	1
16	天马16	1	10	-1	-1	0	1	2	3	50000	2	4	2	4	2	4	2	4	963	1788	963	1788	963	1788	963	1788	1	3	1	1	688	870	5	1000	3	2	11000	-1	-1	-1	-1	-1	1
17	天马17	1	10	-1	-1	0	1	2	3	50000	1	5	1	5	1	5	1	5	413	2338	413	2338	413	2338	413	2338	1	3	1	1	688	870	5	1000	3	2	11000	-1	-1	-1	-1	-1	1
18	天马18	1	10	-1	-1	0	1	2	3	50000	1	2	1	2	1	2	3	12	385	715	385	715	385	715	2695	5005	1	3	1	1	688	870	5	1000	3	2	11000	-1	-1	-1	-1	-1	1
19	天马19	1	10	-1	-1	0	1	2	3	50000	2	2	2	2	4	5	3	4	578	1073	578	1073	1540	2860	1155	2145	1	3	1	1	688	870	5	1000	3	2	11000	-1	-1	-1	-1	-1	1
20	天马20	1	10	-1	-1	0	1	2	3	50000	4	5	2	2	2	2	3	4	1540	2860	578	1073	578	1073	1155	2145	1	3	1	1	688	870	5	1000	3	2	11000	-1	-1	-1	-1	-1	1
21	天马21	1	10	-1	-1	0	1	2	3	50000	2	2	4	5	2	2	3	4	578	1073	1540	2860	578	1073	1155	2145	1	3	1	1	688	870	5	1000	3	2	11000	-1	-1	-1	-1	-1	1
22	天马22	1	10	-1	-1	0	1	2	3	50000	1	3	2	7	1	3	1	6	248	1403	248	1403	660	3740	495	2805	1	3	1	1	688	870	5	1000	1	2	11000	-1	-1	-1	-1	-1	1
23	天马23	1	10	-1	-1	0	1	2	3	50000	1	3	1	3	2	7	1	6	660	3740	248	1403	248	1403	495	2805	1	3	1	1	688	870	5	1000	1	2	11000	-1	-1	-1	-1	-1	1
24	天马24	1	10	-1	-1	0	1	2	3	50000	2	7	1	3	1	3	1	6	248	1403	660	3740	248	1403	495	2805	1	3	1	1	688	870	5	1000	1	2	11000	-1	-1	-1	-1	-1	1
25	野马25	5	10	31	-1	0	0	1	0	50000	4	6	4	6	4	6	4	6	1137	1389	1137	1389	1137	1389	632	1389	1	4	1	1	380	415	5	1000	1	2	11000	11010	-1	-1	-1	-1	1
26	野马26	5	10	32	-1	0	0	1	0	50000	2	8	2	8	2	8	2	8	632	1894	632	1894	632	1894	1818	1894	1	4	1	1	380	415	5	1000	1	2	11000	11010	-1	-1	-1	-1	1
27	野马27	5	10	33	-1	0	0	1	0	50000	4	5	4	5	4	5	7	10	909	1111	909	1111	909	1111	1364	2222	1	4	1	1	380	415	5	1000	1	2	11000	11010	-1	-1	-1	-1	1
28	野马28	5	10	34	-1	0	0	1	0	50000	4	6	4	6	4	5	5	8	1137	1389	1137	1389	909	1111	1364	1667	1	4	1	1	380	415	5	1000	1	2	11000	11010	-1	-1	-1	-1	1
29	野马29	5	10	35	-1	0	0	1	0	50000	4	5	4	6	4	6	5	8	909	1111	1137	1389	1137	1389	1364	1667	1	4	1	1	380	415	5	1000	1	2	11000	11010	-1	-1	-1	-1	1
30	野马30	5	10	36	-1	0	0	1	0	50000	4	6	4	5	4	6	5	8	1137	1389	909	1111	1137	1389	1458	1667	1	4	1	1	380	415	5	1000	1	2	11000	11010	-1	-1	-1	-1	1
31	战马31	5	10	31	40	1	0	1	0	50000	4	7	4	7	4	7	4	7	773	1803	773	1803	773	1803	773	1803	1	4	1	2	714	748	5	1000	2	2	11000	11010	-1	-1	-1	-1	1
32	战马32	5	10	32	41	1	0	1	0	50000	2	6	2	6	2	6	2	6	413	1649	413	1649	413	1649	413	1649	1	4	1	2	714	748	5	1000	2	2	11000	11010	-1	-1	-1	-1	1
33	战马33	5	10	33	42	1	0	1	0	50000	1	3	1	3	1	3	7	21	207	825	207	825	207	825	1443	5770	1	4	1	2	714	748	5	1000	2	2	11000	11010	-1	-1	-1	-1	1
34	战马34	5	10	34	43	1	0	1	0	50000	3	4	3	4	8	9	6	7	619	928	619	928	1649	2473	1237	1855	1	4	1	2	714	748	5	1000	2	2	11000	11010	-1	-1	-1	-1	1
35	战马35	5	10	35	44	1	0	1	0	50000	8	9	3	4	3	4	6	7	1649	2473	619	928	619	928	1237	1855	1	4	1	2	714	748	5	1000	2	2	11000	11010	-1	-1	-1	-1	1
36	战马36	5	10	36	45	1	0	1	0	50000	3	4	8	9	3	4	6	7	619	928	1649	2473	619	928	1237	1855	1	4	1	2	714	748	5	1000	2	2	11000	11010	-1	-1	-1	-1	1
37	战马37	5	10	37	46	1	0	1	0	50000	2	3	13	16	2	3	2	3	413	619	413	619	2885	4327	413	619	1	4	1	2	714	748	5	1000	1	2	11000	11010	-1	-1	-1	-1	1
38	战马38	5	10	38	47	1	0	1	0	50000	2	3	2	3	13	16	2	3	2885	4327	413	619	413	619	413	619	1	4	1	2	714	748	5	1000	1	2	11000	11010	-1	-1	-1	-1	1
39	战马39	5	10	39	48	1	0	1	0	50000	13	16	2	3	2	3	2	3	413	619	2885	4327	413	619	413	619	1	4	1	2	714	748	5	1000	1	2	11000	11010	-1	-1	-1	-1	1
40	天马40	5	10	-1	-1	0	1	2	3	50000	3	7	3	7	3	7	3	7	973	1806	973	1806	973	1806	973	1806	1	4	1	2	716	899	5	1000	3	2	11000	11010	-1	-1	-1	-1	1
41	天马41	5	10	-1	-1	0	1	2	3	50000	2	9	2	9	2	9	2	9	417	2361	417	2361	417	2361	417	2361	1	4	1	2	716	899	5	1000	3	2	11000	11010	-1	-1	-1	-1	1
42	天马42	5	10	-1	-1	0	1	2	3	50000	1	4	1	4	1	4	5	24	389	723	389	723	389	723	2722	5056	1	4	1	2	716	899	5	1000	3	2	11000	11010	-1	-1	-1	-1	1
43	天马43	5	10	-1	-1	0	1	2	3	50000	3	4	3	4	7	10	5	8	584	1084	584	1084	1556	2889	1167	2167	1	4	1	2	716	899	5	1000	3	2	11000	11010	-1	-1	-1	-1	1
44	天马44	5	10	-1	-1	0	1	2	3	50000	7	10	3	4	3	4	5	8	1556	2889	584	1084	584	1084	1167	2167	1	4	1	2	716	899	5	1000	3	2	11000	11010	-1	-1	-1	-1	1
45	天马45	5	10	-1	-1	0	1	2	3	50000	3	4	7	10	3	4	5	8	584	1084	1556	2889	584	1084	1167	2167	1	4	1	2	716	899	5	1000	3	2	11000	11010	-1	-1	-1	-1	1
46	天马46	5	10	-1	-1	0	1	2	3	50000	1	6	3	14	1	6	2	11	250	1417	250	1417	667	3778	500	2834	1	4	1	2	716	899	5	1000	1	2	11000	11010	-1	-1	-1	-1	1
47	天马47	5	10	-1	-1	0	1	2	3	50000	1	6	1	6	3	14	2	11	667	3778	250	1417	250	1417	500	2834	1	4	1	2	716	899	5	1000	1	2	11000	11010	-1	-1	-1	-1	1
48	天马48	5	10	-1	-1	0	1	2	3	50000	3	14	1	6	1	6	2	11	250	1417	667	3778	250	1417	500	2834	1	4	1	2	716	899	5	1000	1	2	11000	11010	-1	-1	-1	-1	1
49	野马49	15	10	55	-1	0	0	1	0	50000	12	18	12	18	12	18	12	18	1148	1403	1148	1403	1148	1403	638	1403	2	5	1	2	415	484	5	1000	1	2	11000	11200	-1	-1	-1	-1	2
50	野马50	15	10	56	-1	0	0	1	0	50000	6	24	6	24	6	24	6	24	638	1913	638	1913	638	1913	1836	1913	2	5	1	2	415	484	5	1000	1	2	11000	11200	-1	-1	-1	-1	2
51	野马51	15	10	57	-1	0	0	1	0	50000	10	15	10	15	10	15	20	29	918	1122	918	1122	918	1122	1377	2244	2	5	1	2	415	484	5	1000	1	2	11000	11200	-1	-1	-1	-1	2
52	野马52	15	10	58	-1	0	0	1	0	50000	12	18	12	18	10	15	15	22	1148	1403	1148	1403	918	1122	1377	1683	2	5	1	2	415	484	5	1000	1	2	11000	11200	-1	-1	-1	-1	3
53	野马53	15	10	59	-1	0	0	1	0	50000	10	15	12	18	12	18	15	22	918	1122	1148	1403	1148	1403	1377	1683	2	5	1	2	415	484	5	1000	1	2	11000	11200	-1	-1	-1	-1	4
54	野马54	15	10	60	-1	0	0	1	0	50000	12	18	10	15	12	18	15	22	1148	1403	918	1122	1148	1403	1458	1683	2	5	1	2	415	484	5	1000	1	2	11000	11200	-1	-1	-1	-1	5
55	战马55	15	10	55	64	1	0	1	0	50000	11	20	11	20	11	20	11	20	781	1821	781	1821	781	1821	781	1821	2	5	1	2	748	782	5	1000	1	2	11000	11200	-1	-1	-1	-1	2
56	战马56	15	10	56	65	1	0	1	0	50000	6	18	6	18	6	18	6	18	417	1665	417	1665	417	1665	417	1665	2	5	1	2	748	782	5	1000	2	2	11000	11200	-1	-1	-1	-1	2
57	战马57	15	10	57	66	1	0	1	0	50000	3	9	3	9	3	9	21	63	209	833	209	833	209	833	1457	5827	2	5	1	2	748	782	5	1000	2	2	11000	11200	-1	-1	-1	-1	2
58	战马58	15	10	58	67	1	0	1	0	50000	9	10	9	10	22	27	17	20	625	937	625	937	1665	2497	1249	1873	2	5	1	2	748	782	5	1000	2	2	11000	11200	-1	-1	-1	-1	3
59	战马59	15	10	59	68	1	0	1	0	50000	22	27	9	10	9	10	17	20	1665	2497	625	937	625	937	1249	1873	2	5	1	2	748	782	5	1000	2	2	11000	11200	-1	-1	-1	-1	4
60	战马60	15	10	60	69	1	0	1	0	50000	9	10	22	27	9	10	17	20	625	937	1665	2497	625	937	1249	1873	2	5	1	2	748	782	5	1000	2	2	11000	11200	-1	-1	-1	-1	5
61	战马61	15	10	61	70	1	0	1	0	50000	6	7	38	47	6	7	6	7	417	625	417	625	2914	4370	417	625	2	5	1	2	748	782	5	1000	2	2	11000	11200	-1	-1	-1	-1	3
62	战马62	15	10	62	71	1	0	1	0	50000	6	7	6	7	38	47	6	7	2914	4370	417	625	417	625	417	625	2	5	1	2	748	782	5	1000	1	2	11000	11200	-1	-1	-1	-1	4
63	战马63	15	10	63	72	1	0	1	0	50000	38	47	6	7	6	7	6	7	417	625	2914	4370	417	625	417	625	2	5	1	2	748	782	5	1000	1	2	11000	11200	-1	-1	-1	-1	5
64	天马64	15	10	-1	-1	0	1	2	3	50000	9	21	9	21	9	21	9	21	982	1824	982	1824	982	1824	982	1824	2	5	1	2	750	936	5	1000	3	2	11000	11200	-1	-1	-1	-1	2
65	天马65	15	10	-1	-1	0	1	2	3	50000	5	26	5	26	5	26	5	26	421	2385	421	2385	421	2385	421	2385	2	5	1	2	750	936	5	1000	3	2	11000	11200	-1	-1	-1	-1	2
66	天马66	15	10	-1	-1	0	1	2	3	50000	2	11	2	11	2	11	13	72	393	730	393	730	393	730	2749	5106	2	5	1	2	750	936	5	1000	3	2	11000	11200	-1	-1	-1	-1	2
67	天马67	15	10	-1	-1	0	1	2	3	50000	8	11	8	11	20	29	15	22	590	1094	590	1094	1571	2918	1179	2188	2	5	1	2	750	936	5	1000	3	2	11000	11200	-1	-1	-1	-1	3
68	天马68	15	10	-1	-1	0	1	2	3	50000	20	29	8	11	8	11	15	22	1571	2918	590	1094	590	1094	1179	2188	2	5	1	2	750	936	5	1000	3	2	11000	11200	-1	-1	-1	-1	4
69	天马69	15	10	-1	-1	0	1	2	3	50000	8	11	20	29	8	11	15	22	590	1094	1571	2918	590	1094	1179	2188	2	5	1	2	750	936	5	1000	3	2	11000	11200	-1	-1	-1	-1	5
70	天马70	15	10	-1	-1	0	1	2	3	50000	3	16	8	41	3	16	6	31	253	1431	253	1431	674	3815	505	2862	2	5	1	2	750	936	5	1000	1	2	11000	11200	-1	-1	-1	-1	3
71	天马71	15	10	-1	-1	0	1	2	3	50000	3	16	3	16	8	41	6	31	674	3815	253	1431	253	1431	505	2862	2	5	1	2	750	936	5	1000	1	2	11000	11200	-1	-1	-1	-1	4
72	天马72	15	10	-1	-1	0	1	2	3	50000	8	41	3	16	3	16	6	31	253	1431	674	3815	253	1431	505	2862	2	5	1	2	750	936	5	1000	1	2	11000	11200	-1	-1	-1	-1	5
73	野马73	35	30	79	-1	0	0	1	0	50000	28	42	28	42	28	42	28	42	1159	1417	1159	1417	1159	1417	644	1417	2	6	1	2	449	553	5	1000	1	2	11001	11010	-1	-1	-1	-1	10
74	野马74	35	30	80	-1	0	0	1	0	50000	14	56	14	56	14	56	14	56	644	1932	644	1932	644	1932	1854	1932	2	6	1	2	449	553	5	1000	1	2	11001	11330	-1	-1	-1	-1	11
75	野马75	35	30	81	-1	0	0	1	0	50000	23	34	23	34	23	34	45	68	927	1133	927	1133	927	1133	1391	2266	2	6	1	2	449	553	5	1000	1	2	11001	11011	-1	-1	-1	-1	12
76	野马76	35	30	82	-1	0	0	1	0	50000	28	42	28	42	23	34	34	51	1159	1417	1159	1417	927	1133	1391	1700	2	6	1	2	449	553	5	1000	1	2	11001	11041	-1	-1	-1	-1	13
77	野马77	35	30	83	-1	0	0	1	0	50000	23	34	28	42	28	42	34	51	927	1133	1159	1417	1159	1417	1391	1700	2	6	1	2	449	553	5	1000	1	2	11001	11021	-1	-1	-1	-1	13
78	野马78	35	30	84	-1	0	0	1	0	50000	28	42	23	34	28	42	34	51	1159	1417	927	1133	1159	1417	1458	1700	2	6	1	2	449	553	5	1000	1	2	11001	11031	-1	-1	-1	-1	13
79	战马79	35	30	79	88	1	0	1	0	50000	25	46	25	46	25	46	25	46	788	1839	788	1839	788	1839	788	1839	2	6	2	3	782	816	5	1000	2	2	11001	11010	-1	-1	-1	-1	10
80	战马80	35	30	80	89	1	0	1	0	50000	14	42	14	42	14	42	14	42	421	1681	421	1681	421	1681	421	1681	2	6	2	3	782	816	5	1000	2	2	11001	11330	-1	-1	-1	-1	11
81	战马81	35	30	81	90	1	0	1	0	50000	7	21	7	21	7	21	49	147	211	841	211	841	211	841	1471	5884	2	6	2	3	782	816	5	1000	2	2	11001	11011	-1	-1	-1	-1	12
82	战马82	35	30	82	91	1	0	1	0	50000	19	24	19	24	51	62	38	47	631	946	631	946	1681	2522	1261	1892	2	6	2	3	782	816	5	1000	2	2	11001	11041	-1	-1	-1	-1	13
83	战马83	35	30	83	92	1	0	1	0	50000	51	62	19	24	19	24	38	47	1681	2522	631	946	631	946	1261	1892	2	6	2	3	782	816	5	1000	2	2	11001	11021	-1	-1	-1	-1	13
84	战马84	35	30	84	93	1	0	1	0	50000	19	24	51	62	19	24	38	47	631	946	1681	2522	631	946	1261	1892	2	6	2	3	782	816	5	1000	2	2	11001	11031	-1	-1	-1	-1	13
85	战马85	35	30	85	94	1	0	1	0	50000	13	16	89	108	13	16	13	16	421	631	421	631	2942	4413	421	631	2	6	2	3	782	816	5	1000	1	2	11001	11041	-1	-1	-1	-1	13
86	战马86	35	30	86	95	1	0	1	0	50000	13	16	13	16	89	108	13	16	2942	4413	421	631	421	631	421	631	2	6	2	3	782	816	5	1000	1	2	11001	11021	-1	-1	-1	-1	13
87	战马87	35	30	87	96	1	0	1	0	50000	89	108	13	16	13	16	13	16	421	631	2942	4413	421	631	421	631	2	6	2	3	782	816	5	1000	1	2	11001	11031	-1	-1	-1	-1	13
88	天马88	35	30	-1	-1	0	1	2	3	50000	21	49	21	49	21	49	21	49	992	1842	992	1842	992	1842	992	1842	2	6	1	2	784	972	5	1000	3	2	11001	11010	-1	-1	-1	-1	10
89	天马89	35	30	-1	-1	0	1	2	3	50000	11	60	11	60	11	60	11	60	425	2408	425	2408	425	2408	425	2408	2	6	1	2	784	972	5	1000	3	2	11001	11330	-1	-1	-1	-1	11
90	天马90	35	30	-1	-1	0	1	2	3	50000	5	24	5	24	5	24	30	167	397	737	397	737	397	737	2776	5156	2	6	1	2	784	972	5	1000	3	2	11001	11011	-1	-1	-1	-1	12
91	天马91	35	30	-1	-1	0	1	2	3	50000	17	26	17	26	45	68	34	51	595	1105	595	1105	1587	2946	1190	2210	2	6	1	2	784	972	5	1000	3	2	11001	11041	-1	-1	-1	-1	13
92	天马92	35	30	-1	-1	0	1	2	3	50000	45	68	17	26	17	26	34	51	1587	2946	595	1105	595	1105	1190	2210	2	6	1	2	784	972	5	1000	3	2	11001	11021	-1	-1	-1	-1	13
93	天马93	35	30	-1	-1	0	1	2	3	50000	17	26	45	68	17	26	34	51	595	1105	1587	2946	595	1105	1190	2210	2	6	1	2	784	972	5	1000	3	2	11001	11031	-1	-1	-1	-1	13
94	天马94	35	30	-1	-1	0	1	2	3	50000	7	36	17	96	7	36	13	72	255	1445	255	1445	680	3853	510	2890	2	6	1	2	784	972	5	1000	1	2	11001	11041	-1	-1	-1	-1	13
95	天马95	35	30	-1	-1	0	1	2	3	50000	7	36	7	36	17	96	13	72	680	3853	255	1445	255	1445	510	2890	2	6	1	2	784	972	5	1000	1	2	11001	11021	-1	-1	-1	-1	13
96	天马96	35	30	-1	-1	0	1	2	3	50000	17	96	7	36	7	36	13	72	255	1445	680	3853	255	1445	510	2890	2	6	1	2	784	972	5	1000	1	2	11001	11031	-1	-1	-1	-1	13
97	野马97	55	50	103	-1	0	0	1	0	50000	44	66	44	66	44	66	44	66	1170	1430	1170	1430	1170	1430	650	1430	2	7	1	3	484	622	5	1000	1	2	11002	11201	-1	-1	-1	-1	14
98	野马98	55	50	104	-1	0	0	1	0	50000	22	88	22	88	22	88	22	88	650	1950	650	1950	650	1950	1872	1950	2	7	1	3	484	622	5	1000	1	2	11002	11331	-1	-1	-1	-1	15
99	野马99	55	50	105	-1	0	0	1	0	50000	36	53	36	53	36	53	71	106	936	1144	936	1144	936	1144	1404	2288	2	7	1	3	484	622	5	1000	1	2	11002	11012	-1	-1	-1	-1	16
100	野马100	55	50	106	-1	0	0	1	0	50000	44	66	44	66	36	53	53	80	1170	1430	1170	1430	936	1144	1404	1716	2	7	1	3	484	622	5	1000	1	2	11002	11041	-1	-1	-1	-1	17
101	野马101	55	50	107	-1	0	0	1	0	50000	36	53	44	66	44	66	53	80	936	1144	1170	1430	1170	1430	1404	1716	2	7	1	3	484	622	5	1000	1	2	11002	11021	-1	-1	-1	-1	18
102	野马102	55	50	108	-1	0	0	1	0	50000	44	66	36	53	44	66	53	80	1170	1430	936	1144	1170	1430	1458	1716	2	7	1	3	484	622	5	1000	1	2	11002	11031	-1	-1	-1	-1	19
103	战马103	55	50	103	112	1	0	1	0	50000	39	72	39	72	39	72	39	72	796	1857	796	1857	796	1857	796	1857	3	7	2	3	816	850	5	1000	2	2	11002	11201	-1	-1	-1	-1	14
104	战马104	55	50	104	113	1	0	1	0	50000	22	66	22	66	22	66	22	66	425	1698	425	1698	425	1698	425	1698	3	7	2	3	816	850	5	1000	2	2	11002	11331	-1	-1	-1	-1	15
105	战马105	55	50	105	114	1	0	1	0	50000	11	33	11	33	11	33	77	231	213	849	213	849	213	849	1486	5941	3	7	2	3	816	850	5	1000	2	2	11002	11012	-1	-1	-1	-1	16
106	战马106	55	50	106	115	1	0	1	0	50000	30	37	30	37	80	97	60	73	637	955	637	955	1698	2546	1273	1910	3	7	2	3	816	850	5	1000	2	2	11002	11041	-1	-1	-1	-1	17
107	战马107	55	50	107	116	1	0	1	0	50000	80	97	30	37	30	37	60	73	1698	2546	637	955	637	955	1273	1910	3	7	2	3	816	850	5	1000	2	2	11002	11021	-1	-1	-1	-1	18
108	战马108	55	50	108	117	1	0	1	0	50000	30	37	80	97	30	37	60	73	637	955	1698	2546	637	955	1273	1910	3	7	2	3	816	850	5	1000	2	2	11002	11031	-1	-1	-1	-1	19
109	战马109	55	50	109	118	1	0	1	0	50000	20	25	139	170	20	25	20	25	425	637	425	637	2971	4456	425	637	3	7	2	3	816	850	5	1000	1	2	11002	11041	-1	-1	-1	-1	17
110	战马110	55	50	110	119	1	0	1	0	50000	20	25	20	25	139	170	20	25	2971	4456	425	637	425	637	425	637	3	7	2	3	816	850	5	1000	1	2	11002	11021	-1	-1	-1	-1	18
111	战马111	55	50	111	120	1	0	1	0	50000	139	170	20	25	20	25	20	25	425	637	2971	4456	425	637	425	637	3	7	2	3	816	850	5	1000	1	2	11002	11031	-1	-1	-1	-1	19
112	天马112	55	50	-1	-1	0	1	2	3	50000	33	77	33	77	33	77	33	77	1001	1859	1001	1859	1001	1859	1001	1859	3	7	2	3	819	1008	5	1000	3	2	11002	11201	-1	-1	-1	-1	14
113	天马113	55	50	-1	-1	0	1	2	3	50000	17	94	17	94	17	94	17	94	429	2431	429	2431	429	2431	429	2431	3	7	2	3	819	1008	5	1000	3	2	11002	11331	-1	-1	-1	-1	15
114	天马114	55	50	-1	-1	0	1	2	3	50000	7	38	7	38	7	38	47	262	401	744	401	744	401	744	2803	5206	3	7	2	3	819	1008	5	1000	3	2	11002	11012	-1	-1	-1	-1	16
115	天马115	55	50	-1	-1	0	1	2	3	50000	27	40	27	40	71	106	53	80	601	1116	601	1116	1602	2975	1202	2231	3	7	2	3	819	1008	5	1000	3	2	11002	11041	-1	-1	-1	-1	17
116	天马116	55	50	-1	-1	0	1	2	3	50000	71	106	27	40	27	40	53	80	1602	2975	601	1116	601	1116	1202	2231	3	7	2	3	819	1008	5	1000	3	2	11002	11021	-1	-1	-1	-1	18
117	天马117	55	50	-1	-1	0	1	2	3	50000	27	40	71	106	27	40	53	80	601	1116	1602	2975	601	1116	1202	2231	3	7	2	3	819	1008	5	1000	3	2	11002	11031	-1	-1	-1	-1	19
118	天马118	55	50	-1	-1	0	1	2	3	50000	10	57	27	150	10	57	20	113	258	1459	258	1459	687	3890	515	2918	3	7	2	3	819	1008	5	1000	1	2	11002	11041	-1	-1	-1	-1	17
119	天马119	55	50	-1	-1	0	1	2	3	50000	10	57	10	57	27	150	20	113	687	3890	258	1459	258	1459	515	2918	3	7	2	3	819	1008	5	1000	1	2	11002	11021	-1	-1	-1	-1	18
120	天马120	55	50	-1	-1	0	1	2	3	50000	27	150	10	57	10	57	20	113	258	1459	687	3890	258	1459	515	2918	3	7	2	3	819	1008	5	1000	1	2	11002	11031	-1	-1	-1	-1	19
121	野马121	75	70	127	-1	0	0	1	0	50000	60	90	60	90	60	90	60	90	1182	1444	1182	1444	1182	1444	657	1444	3	7	2	3	519	692	5	1000	1	2	11003	11201	-1	-1	-1	-1	20
122	野马122	75	70	128	-1	0	0	1	0	50000	30	120	30	120	30	120	30	120	657	1969	657	1969	657	1969	1890	1969	3	7	2	3	519	692	5	1000	1	2	11003	11332	-1	-1	-1	-1	21
123	野马123	75	70	129	-1	0	0	1	0	50000	48	72	48	72	48	72	96	144	945	1155	945	1155	945	1155	1418	2310	3	7	2	3	519	692	5	1000	1	2	11003	11012	-1	-1	-1	-1	22
124	野马124	75	70	130	-1	0	0	1	0	50000	60	90	60	90	48	72	72	108	1182	1444	1182	1444	945	1155	1418	1733	3	7	2	3	519	692	5	1000	1	2	11003	11041	-1	-1	-1	-1	23
125	野马125	75	70	131	-1	0	0	1	0	50000	48	72	60	90	60	90	72	108	945	1155	1182	1444	1182	1444	1418	1733	3	7	2	3	519	692	5	1000	1	2	11003	11021	-1	-1	-1	-1	24
126	野马126	75	70	132	-1	0	0	1	0	50000	60	90	48	72	60	90	72	108	1182	1444	945	1155	1182	1444	1458	1733	3	7	2	3	519	692	5	1000	1	2	11003	11031	-1	-1	-1	-1	25
127	战马127	75	70	127	136	1	0	1	0	50000	53	98	53	98	53	98	53	98	804	1875	804	1875	804	1875	804	1875	3	8	2	4	850	884	5	1000	2	2	11003	11201	-1	-1	-1	-1	20
128	战马128	75	70	128	137	1	0	1	0	50000	30	90	30	90	30	90	30	90	429	1714	429	1714	429	1714	429	1714	3	8	2	4	850	884	5	1000	2	2	11003	11332	-1	-1	-1	-1	21
129	战马129	75	70	129	138	1	0	1	0	50000	15	45	15	45	15	45	105	315	215	857	215	857	215	857	1500	5998	3	8	2	4	850	884	5	1000	2	2	11003	11012	-1	-1	-1	-1	22
130	战马130	75	70	130	139	1	0	1	0	50000	41	50	41	50	108	132	81	99	643	964	643	964	1714	2571	1286	1928	3	8	2	4	850	884	5	1000	2	2	11003	11041	-1	-1	-1	-1	23
131	战马131	75	70	131	140	1	0	1	0	50000	108	132	41	50	41	50	81	99	1714	2571	643	964	643	964	1286	1928	3	8	2	4	850	884	5	1000	2	2	11003	11021	-1	-1	-1	-1	24
132	战马132	75	70	132	141	1	0	1	0	50000	41	50	108	132	41	50	81	99	643	964	1714	2571	643	964	1286	1928	3	8	2	4	850	884	5	1000	2	2	11003	11031	-1	-1	-1	-1	25
133	战马133	75	70	133	142	1	0	1	0	50000	27	33	189	231	27	33	27	33	429	643	429	643	2999	4499	429	643	3	8	2	4	850	884	5	1000	1	2	11003	11041	-1	-1	-1	-1	23
134	战马134	75	70	134	143	1	0	1	0	50000	27	33	27	33	189	231	27	33	2999	4499	429	643	429	643	429	643	3	8	2	4	850	884	5	1000	1	2	11003	11021	-1	-1	-1	-1	24
135	战马135	75	70	135	144	1	0	1	0	50000	189	231	27	33	27	33	27	33	429	643	2999	4499	429	643	429	643	3	8	2	4	850	884	5	1000	1	2	11003	11031	-1	-1	-1	-1	25
136	天马136	75	70	-1	-1	0	1	2	3	50000	45	105	45	105	45	105	45	105	1011	1877	1011	1877	1011	1877	1011	1877	3	8	2	3	853	1044	5	1000	3	2	11003	11201	-1	-1	-1	-1	20
137	天马137	75	70	-1	-1	0	1	2	3	50000	23	128	23	128	23	128	23	128	434	2455	434	2455	434	2455	434	2455	3	8	2	3	853	1044	5	1000	3	2	11003	11332	-1	-1	-1	-1	21
138	天马138	75	70	-1	-1	0	1	2	3	50000	9	51	9	51	9	51	63	357	405	751	405	751	405	751	2830	5256	3	8	2	3	853	1044	5	1000	3	2	11003	11012	-1	-1	-1	-1	22
139	天马139	75	70	-1	-1	0	1	2	3	50000	36	54	36	54	96	144	72	108	607	1127	607	1127	1617	3003	1213	2253	3	8	2	3	853	1044	5	1000	3	2	11003	11041	-1	-1	-1	-1	23
140	天马140	75	70	-1	-1	0	1	2	3	50000	96	144	36	54	36	54	72	108	1617	3003	607	1127	607	1127	1213	2253	3	8	2	3	853	1044	5	1000	3	2	11003	11021	-1	-1	-1	-1	24
141	天马141	75	70	-1	-1	0	1	2	3	50000	36	54	96	144	36	54	72	108	607	1127	1617	3003	607	1127	1213	2253	3	8	2	3	853	1044	5	1000	3	2	11003	11031	-1	-1	-1	-1	25
142	天马142	75	70	-1	-1	0	1	2	3	50000	14	77	36	204	14	77	27	153	260	1473	260	1473	693	3927	520	2946	3	8	2	3	853	1044	5	1000	1	2	11003	11041	-1	-1	-1	-1	23
143	天马143	75	70	-1	-1	0	1	2	3	50000	14	77	14	77	36	204	27	153	693	3927	260	1473	260	1473	520	2946	3	8	2	3	853	1044	5	1000	1	2	11003	11021	-1	-1	-1	-1	24
144	天马144	75	70	-1	-1	0	1	2	3	50000	36	204	14	77	14	77	27	153	260	1473	693	3927	260	1473	520	2946	3	8	2	3	853	1044	5	1000	1	2	11003	11031	-1	-1	-1	-1	25
145	野马145	85	80	151	-1	0	0	1	0	50000	68	102	68	102	68	102	68	102	1193	1458	1193	1458	1193	1458	663	1458	3	8	2	3	553	761	5	1000	1	2	11004	-1	-1	-1	-1	-1	26
146	野马146	85	80	152	-1	0	0	1	0	50000	34	136	34	136	34	136	34	136	663	1988	663	1988	663	1988	1908	1988	3	8	2	3	553	761	5	1000	1	2	11004	-1	-1	-1	-1	-1	26
147	野马147	85	80	153	-1	0	0	1	0	50000	55	82	55	82	55	82	109	164	954	1166	954	1166	954	1166	1431	2332	3	8	2	3	553	761	5	1000	1	2	11004	-1	-1	-1	-1	-1	26
148	野马148	85	80	154	-1	0	0	1	0	50000	68	102	68	102	55	82	82	123	1193	1458	1193	1458	954	1166	1431	1749	3	8	2	3	553	761	5	1000	1	2	11004	-1	-1	-1	-1	-1	26
149	野马149	85	80	155	-1	0	0	1	0	50000	55	82	68	102	68	102	82	123	954	1166	1193	1458	1193	1458	1431	1749	3	8	2	3	553	761	5	1000	1	2	11004	-1	-1	-1	-1	-1	26
150	野马150	85	80	156	-1	0	0	1	0	50000	68	102	55	82	68	102	82	123	1193	1458	954	1166	1193	1458	1458	1749	3	8	2	3	553	761	5	1000	1	2	11004	-1	-1	-1	-1	-1	26
151	战马151	85	80	151	160	1	0	1	0	50000	60	111	60	111	60	111	60	111	811	1893	811	1893	811	1893	811	1893	4	9	2	4	884	918	5	1000	2	2	11004	-1	-1	-1	-1	-1	26
152	战马152	85	80	152	161	1	0	1	0	50000	34	102	34	102	34	102	34	102	433	1730	433	1730	433	1730	433	1730	4	8	2	4	884	918	5	1000	2	2	11004	-1	-1	-1	-1	-1	26
153	战马153	85	80	153	162	1	0	1	0	50000	17	51	17	51	17	51	119	357	217	865	217	865	217	865	1514	6055	4	0	2	4	884	918	5	1000	2	2	11004	-1	-1	-1	-1	-1	26
154	战马154	85	80	154	163	1	0	1	0	50000	46	57	46	57	123	150	92	113	649	974	649	974	1730	2595	1298	1947	4	0	2	4	884	918	5	1000	2	2	11004	-1	-1	-1	-1	-1	26
155	战马155	85	80	155	164	1	0	1	0	50000	123	150	46	57	46	57	92	113	1730	2595	649	974	649	974	1298	1947	4	0	2	4	884	918	5	1000	2	2	11004	-1	-1	-1	-1	-1	26
156	战马156	85	80	156	165	1	0	1	0	50000	46	57	123	150	46	57	92	113	649	974	1730	2595	649	974	1298	1947	4	0	2	4	884	918	5	1000	2	2	11004	-1	-1	-1	-1	-1	26
157	战马157	85	80	157	166	1	0	1	0	50000	31	38	215	262	31	38	31	38	433	649	433	649	3028	4542	433	649	4	0	2	4	884	918	5	1000	1	2	11004	-1	-1	-1	-1	-1	26
158	战马158	85	80	158	167	1	0	1	0	50000	31	38	31	38	215	262	31	38	3028	4542	433	649	433	649	433	649	4	0	2	4	884	918	5	1000	1	2	11004	-1	-1	-1	-1	-1	26
159	战马159	85	80	159	168	1	0	1	0	50000	215	262	31	38	31	38	31	38	433	649	3028	4542	433	649	433	649	4	0	2	4	884	918	5	1000	1	2	11004	-1	-1	-1	-1	-1	26
160	天马160	85	80	-1	-1	0	1	2	3	50000	51	119	51	119	51	119	51	119	1021	1895	1021	1895	1021	1895	1021	1895	4	9	2	4	888	1081	5	1000	1	2	11004	-1	-1	-1	-1	-1	26
161	天马161	85	80	-1	-1	0	1	2	3	50000	26	145	26	145	26	145	26	145	438	2478	438	2478	438	2478	438	2478	4	9	2	4	888	1081	5	1000	1	2	11004	-1	-1	-1	-1	-1	26
162	天马162	85	80	-1	-1	0	1	2	3	50000	11	58	11	58	11	58	72	405	409	758	409	758	409	758	2857	5306	4	9	2	4	888	1081	5	1000	1	2	11004	-1	-1	-1	-1	-1	26
163	天马163	85	80	-1	-1	0	1	2	3	50000	41	62	41	62	109	164	82	123	613	1137	613	1137	1633	3032	1225	2274	4	9	2	4	888	1081	5	1000	1	2	11004	-1	-1	-1	-1	-1	26
164	天马164	85	80	-1	-1	0	1	2	3	50000	109	164	41	62	41	62	82	123	1633	3032	613	1137	613	1137	1225	2274	4	9	2	4	888	1081	5	1000	1	2	11004	-1	-1	-1	-1	-1	26
165	天马165	85	80	-1	-1	0	1	2	3	50000	41	62	109	164	41	62	82	123	613	1137	1633	3032	613	1137	1225	2274	4	9	2	4	888	1081	5	1000	1	2	11004	-1	-1	-1	-1	-1	26
166	天马166	85	80	-1	-1	0	1	2	3	50000	16	87	41	232	16	87	31	174	263	1487	263	1487	700	3965	525	2974	4	9	2	4	888	1081	5	1000	1	2	11004	-1	-1	-1	-1	-1	26
167	天马167	85	80	-1	-1	0	1	2	3	50000	16	87	16	87	41	232	31	174	700	3965	263	1487	263	1487	525	2974	4	9	2	4	888	1081	5	1000	1	2	11004	-1	-1	-1	-1	-1	26
168	天马168	85	80	-1	-1	0	1	2	3	50000	41	232	16	87	16	87	31	174	263	1487	700	3965	263	1487	525	2974	4	9	2	4	888	1081	5	1000	1	2	11004	-1	-1	-1	-1	-1	26
169	野马169	95	90	175	-1	0	0	1	0	50000	76	114	76	114	76	114	76	114	1204	1472	1204	1472	1204	1472	669	1472	4	9	2	4	588	830	5	1000	1	2	11005	-1	-1	-1	-1	-1	26
170	野马170	95	90	176	-1	0	0	1	0	50000	38	152	38	152	38	152	38	152	669	2007	669	2007	669	2007	1926	2007	4	9	2	4	588	830	5	1000	1	2	11005	-1	-1	-1	-1	-1	26
171	野马171	95	90	177	-1	0	0	1	0	50000	61	92	61	92	61	92	122	183	963	1177	963	1177	963	1177	1445	2354	4	9	2	4	588	830	5	1000	1	2	11005	-1	-1	-1	-1	-1	26
172	野马172	95	90	178	-1	0	0	1	0	50000	76	114	76	114	61	92	92	137	1204	1472	1204	1472	963	1177	1445	1766	4	9	2	4	588	830	5	1000	1	2	11005	-1	-1	-1	-1	-1	26
173	野马173	95	90	179	-1	0	0	1	0	50000	61	92	76	114	76	114	92	137	963	1177	1204	1472	1204	1472	1445	1766	4	9	2	4	588	830	5	1000	1	2	11005	-1	-1	-1	-1	-1	26
174	野马174	95	90	180	-1	0	0	1	0	50000	76	114	61	92	76	114	92	137	1204	1472	963	1177	1204	1472	1458	1766	4	9	2	4	588	830	5	1000	1	2	11005	-1	-1	-1	-1	-1	26
175	战马175	95	90	175	184	1	0	1	0	50000	67	124	67	124	67	124	67	124	819	1910	819	1910	819	1910	819	1910	4	10	3	5	918	952	5	1000	2	2	11005	-1	-1	-1	-1	-1	26
176	战马176	95	90	176	185	1	0	1	0	50000	38	114	38	114	38	114	38	114	437	1747	437	1747	437	1747	437	1747	4	10	3	5	918	952	5	1000	2	2	11005	-1	-1	-1	-1	-1	26
177	战马177	95	90	177	186	1	0	1	0	50000	19	57	19	57	19	57	133	399	219	874	219	874	219	874	1528	6112	4	10	3	5	918	952	5	1000	2	2	11005	-1	-1	-1	-1	-1	26
178	战马178	95	90	178	187	1	0	1	0	50000	52	63	52	63	137	168	103	126	655	983	655	983	1747	2620	1310	1965	4	10	3	5	918	952	5	1000	2	2	11005	-1	-1	-1	-1	-1	26
179	战马179	95	90	179	188	1	0	1	0	50000	137	168	52	63	52	63	103	126	1747	2620	655	983	655	983	1310	1965	4	10	3	5	918	952	5	1000	2	2	11005	-1	-1	-1	-1	-1	26
180	战马180	95	90	180	189	1	0	1	0	50000	52	63	137	168	52	63	103	126	655	983	1747	2620	655	983	1310	1965	4	10	3	5	918	952	5	1000	2	2	11005	-1	-1	-1	-1	-1	26
181	战马181	95	90	181	190	1	0	1	0	50000	35	42	240	293	35	42	35	42	437	655	437	655	3056	4584	437	655	4	10	3	5	918	952	5	1000	1	2	11005	-1	-1	-1	-1	-1	26
182	战马182	95	90	182	191	1	0	1	0	50000	35	42	35	42	240	293	35	42	3056	4584	437	655	437	655	437	655	4	10	3	5	918	952	5	1000	1	2	11005	-1	-1	-1	-1	-1	26
183	战马183	95	90	183	192	1	0	1	0	50000	240	293	35	42	35	42	35	42	437	655	3056	4584	437	655	437	655	4	10	3	5	918	952	5	1000	1	2	11005	-1	-1	-1	-1	-1	26
184	天马184	95	90	-1	-1	0	1	2	3	50000	57	133	57	133	57	133	57	133	1030	1913	1030	1913	1030	1913	1030	1913	4	10	2	4	922	1117	5	1000	3	2	11005	-1	-1	-1	-1	-1	26
185	天马185	95	90	-1	-1	0	1	2	3	50000	29	162	29	162	29	162	29	162	442	2502	442	2502	442	2502	442	2502	4	10	2	4	922	1117	5	1000	3	2	11005	-1	-1	-1	-1	-1	26
186	天马186	95	90	-1	-1	0	1	2	3	50000	12	65	12	65	12	65	80	453	412	766	412	766	412	766	2884	5356	4	10	2	4	922	1117	5	1000	3	2	11005	-1	-1	-1	-1	-1	26
187	天马187	95	90	-1	-1	0	1	2	3	50000	46	69	46	69	122	183	92	137	618	1148	618	1148	1648	3061	1236	2296	4	10	2	4	922	1117	5	1000	3	2	11005	-1	-1	-1	-1	-1	26
188	天马188	95	90	-1	-1	0	1	2	3	50000	122	183	46	69	46	69	92	137	1648	3061	618	1148	618	1148	1236	2296	4	10	2	4	922	1117	5	1000	3	2	11005	-1	-1	-1	-1	-1	26
189	天马189	95	90	-1	-1	0	1	2	3	50000	46	69	122	183	46	69	92	137	618	1148	1648	3061	618	1148	1236	2296	4	10	2	4	922	1117	5	1000	3	2	11005	-1	-1	-1	-1	-1	26
190	天马190	95	90	-1	-1	0	1	2	3	50000	18	97	46	259	18	97	35	194	265	1501	265	1501	707	4002	530	3002	4	10	2	4	922	1117	5	1000	1	2	11005	-1	-1	-1	-1	-1	26
191	天马191	95	90	-1	-1	0	1	2	3	50000	18	97	18	97	46	259	35	194	707	4002	265	1501	265	1501	530	3002	4	10	2	4	922	1117	5	1000	1	2	11005	-1	-1	-1	-1	-1	26
192	天马192	95	90	-1	-1	0	1	2	3	50000	46	259	18	97	18	97	35	194	265	1501	707	4002	265	1501	530	3002	4	10	2	4	922	1117	5	1000	1	2	11005	-1	-1	-1	-1	-1	26
193	野马193	105	100	199	-1	0	0	1	0	50000	84	126	84	126	84	126	84	126	1215	1485	1215	1485	1215	1485	675	1485	4	10	2	4	622	899	5	1000	1	2	11006	-1	-1	-1	-1	-1	26
194	野马194	105	100	200	-1	0	0	1	0	50000	42	168	42	168	42	168	42	168	675	2025	675	2025	675	2025	1944	2025	4	10	2	4	622	899	5	1000	1	2	11006	-1	-1	-1	-1	-1	26
195	野马195	105	100	201	-1	0	0	1	0	50000	68	101	68	101	68	101	135	202	972	1188	972	1188	972	1188	1458	2376	4	10	2	4	622	899	5	1000	1	2	11006	-1	-1	-1	-1	-1	26
196	野马196	105	100	202	-1	0	0	1	0	50000	84	126	84	126	68	101	101	152	1215	1485	1215	1485	972	1188	1458	1782	4	10	2	4	622	899	5	1000	1	2	11006	-1	-1	-1	-1	-1	26
197	野马197	105	100	203	-1	0	0	1	0	50000	68	101	84	126	84	126	101	152	972	1188	1215	1485	1215	1485	1458	1782	4	10	2	4	622	899	5	1000	1	2	11006	-1	-1	-1	-1	-1	26
198	野马198	105	100	204	-1	0	0	1	0	50000	84	126	68	101	84	126	101	152	1215	1485	972	1188	1215	1485	1458	1782	4	10	2	4	622	899	5	1000	1	2	11006	-1	-1	-1	-1	-1	26
199	战马199	105	100	199	208	1	0	1	0	50000	74	137	74	137	74	137	74	137	827	1928	827	1928	827	1928	827	1928	5	11	3	5	952	986	5	1000	2	2	11006	-1	-1	-1	-1	-1	26
200	战马200	105	100	200	209	1	0	1	0	50000	42	126	42	126	42	126	42	126	441	1763	441	1763	441	1763	441	1763	5	11	3	5	952	986	5	1000	2	2	11006	-1	-1	-1	-1	-1	26
201	战马201	105	100	201	210	1	0	1	0	50000	21	63	21	63	21	63	147	441	221	882	221	882	221	882	1543	6169	5	11	3	5	952	986	5	1000	2	2	11006	-1	-1	-1	-1	-1	26
202	战马202	105	100	202	211	1	0	1	0	50000	57	70	57	70	152	185	114	139	661	992	661	992	1763	2644	1322	1983	5	11	3	5	952	986	5	1000	2	2	11006	-1	-1	-1	-1	-1	26
203	战马203	105	100	203	212	1	0	1	0	50000	152	185	57	70	57	70	114	139	1763	2644	661	992	661	992	1322	1983	5	11	3	5	952	986	5	1000	2	2	11006	-1	-1	-1	-1	-1	26
204	战马204	105	100	204	213	1	0	1	0	50000	57	70	152	185	57	70	114	139	661	992	1763	2644	661	992	1322	1983	5	11	3	5	952	986	5	1000	2	2	11006	-1	-1	-1	-1	-1	26
205	战马205	105	100	205	214	1	0	1	0	50000	38	47	265	324	38	47	38	47	441	661	441	661	3085	4627	441	661	5	11	3	5	952	986	5	1000	1	2	11006	-1	-1	-1	-1	-1	26
206	战马206	105	100	206	215	1	0	1	0	50000	38	47	38	47	265	324	38	47	3085	4627	441	661	441	661	441	661	5	11	3	5	952	986	5	1000	1	2	11006	-1	-1	-1	-1	-1	26
207	战马207	105	100	207	216	1	0	1	0	50000	265	324	38	47	38	47	38	47	441	661	3085	4627	441	661	441	661	5	11	3	5	952	986	5	1000	1	2	11006	-1	-1	-1	-1	-1	26
208	天马208	105	100	-1	-1	0	1	2	3	50000	63	147	63	147	63	147	63	147	1040	1931	1040	1931	1040	1931	1040	1931	5	11	3	5	956	1153	5	1000	1	2	11006	-1	-1	-1	-1	-1	26
209	天马209	105	100	-1	-1	0	1	2	3	50000	32	179	32	179	32	179	32	179	446	2525	446	2525	446	2525	446	2525	5	11	3	5	956	1153	5	1000	1	2	11006	-1	-1	-1	-1	-1	26
210	天马210	105	100	-1	-1	0	1	2	3	50000	13	72	13	72	13	72	89	500	416	773	416	773	416	773	2911	5406	5	11	3	5	956	1153	5	1000	1	2	11006	-1	-1	-1	-1	-1	26
211	天马211	105	100	-1	-1	0	1	2	3	50000	51	76	51	76	135	202	101	152	624	1159	624	1159	1664	3089	1248	2317	5	11	3	5	956	1153	5	1000	1	2	11006	-1	-1	-1	-1	-1	26
212	天马212	105	100	-1	-1	0	1	2	3	50000	135	202	51	76	51	76	101	152	1664	3089	624	1159	624	1159	1248	2317	5	11	3	5	956	1153	5	1000	1	2	11006	-1	-1	-1	-1	-1	26
213	天马213	105	100	-1	-1	0	1	2	3	50000	51	76	135	202	51	76	101	152	624	1159	1664	3089	624	1159	1248	2317	5	11	3	5	956	1153	5	1000	1	2	11006	-1	-1	-1	-1	-1	26
214	天马214	105	100	-1	-1	0	1	2	3	50000	19	108	51	286	19	108	38	215	268	1515	268	1515	713	4040	535	3030	5	11	3	5	956	1153	5	1000	1	2	11006	-1	-1	-1	-1	-1	26
215	天马215	105	100	-1	-1	0	1	2	3	50000	19	108	19	108	51	286	38	215	713	4040	268	1515	268	1515	535	3030	5	11	3	5	956	1153	5	1000	1	2	11006	-1	-1	-1	-1	-1	26
216	天马216	105	100	-1	-1	0	1	2	3	50000	51	286	19	108	19	108	38	215	268	1515	713	4040	268	1515	535	3030	5	11	3	5	956	1153	5	1000	1	2	11006	-1	-1	-1	-1	-1	26
