INT	STRING	INT	INT	INT	INT	INT	INT	INT	INT	INT	STRING	STRING	STRING	STRING	INT	INT	INT	INT	INT	INT	INT	INT	INT	INT	INT	INT	INT	INT	INT	INT	INT	INT	INT	INT
序号      对应道具表或装备表里的ID	名称      物品名称	使用等级      该道具对使用者的等级限制	类型      0搜侠录  1记忆棒  2拆卸道具  3炼化道具  4缝合道具	子类0      0入门搜侠录  1初级搜侠录  2中级搜侠录  3高级搜侠录  4特殊类型搜侠录	参数0      搜侠录页数上限 可填范围1-50	参数1      搜侠录技能页上限  可填范围1-20	参数2      搜侠录武器配方页上限  可填范围1-10	参数3      搜侠录神兽页上限  可填范围1-10	参数4      搜侠录坐骑页上限  可填范围1-10	子类1      1记录的是技能  2记录的是武器配方  3记录的是神兽召唤  4记录的是骑乘召唤  -1表示无效	参数0      该记忆棒记录的技能ID 支持XX~XX格式 与 XX|XX|XX格式	参数1      该记忆棒记录的武器配方ID 支持XX~XX格式 与 XX|XX|XX格式	参数2      该记忆棒记录的神兽召唤的技能ID 支持XX~XX格式 与 XX|XX|XX格式	参数3      该记忆棒记录的坐骑召唤的技能ID 支持XX~XX格式 与 XX|XX|XX格式	子类2	参数0	参数1	参数2	参数3	参数4	参数5	参数6	参数7	子类3	参数0	参数1	参数2	参数3	参数4	参数5	参数6	参数7	子类４	可使用次数
10291001	入门搜侠录	1	0	0	10	10	0	0	0	-1	-1	-1	-1	-1	-1	-1	-1	-1	-1	-1	-1	-1	-1	-1	-1	-1	-1	-1	-1	-1	-1	-1	-1	-1
10291002	初级搜侠录	1	0	1	20	10	10	0	0	-1	-1	-1	-1	-1	-1	-1	-1	-1	-1	-1	-1	-1	-1	-1	-1	-1	-1	-1	-1	-1	-1	-1	-1	-1
10291003	中级搜侠录	1	0	2	30	10	10	10	0	-1	-1	-1	-1	-1	-1	-1	-1	-1	-1	-1	-1	-1	-1	-1	-1	-1	-1	-1	-1	-1	-1	-1	-1	-1
10291004	高级搜侠录	1	0	3	40	10	10	10	10	-1	-1	-1	-1	-1	-1	-1	-1	-1	-1	-1	-1	-1	-1	-1	-1	-1	-1	-1	-1	-1	-1	-1	-1	-1
10291005	特殊类型搜侠录	1	0	4	50	20	10	10	10	-1	-1	-1	-1	-1	-1	-1	-1	-1	-1	-1	-1	-1	-1	-1	-1	-1	-1	-1	-1	-1	-1	-1	-1	-1
12110001	技能记忆棒	1	1	-1	-1	-1	-1	-1	-1	1	98	-1	-1	-1	-1	-1	-1	-1	-1	-1	-1	-1	-1	-1	-1	-1	-1	-1	-1	-1	-1	-1	-1	-1
12110002	武器配方记忆棒	1	1	-1	-1	-1	-1	-1	-1	2	-1	1	-1	-1	-1	-1	-1	-1	-1	-1	-1	-1	-1	-1	-1	-1	-1	-1	-1	-1	-1	-1	-1	-1
12110003	神兽召唤记忆棒	1	1	-1	-1	-1	-1	-1	-1	3	-1	-1	99	-1	-1	-1	-1	-1	-1	-1	-1	-1	-1	-1	-1	-1	-1	-1	-1	-1	-1	-1	-1	3
12110004	坐骑召唤记忆棒	1	1	-1	-1	-1	-1	-1	-1	4	-1	-1	-1	100	-1	-1	-1	-1	-1	-1	-1	-1	-1	-1	-1	-1	-1	-1	-1	-1	-1	-1	-1	5
12112001	低级拆卸道具-拆技能-0	1	2	-1	-1	-1	-1	-1	-1	-1	-1	-1	-1	-1	0	0	100	-1	-1	-1	-1	-1	-1	-1	-1	-1	-1	-1	-1	-1	-1	-1	-1	-1
12112002	低级拆卸道具-拆技能-1	1	2	-1	-1	-1	-1	-1	-1	-1	-1	-1	-1	-1	0	1	100	-1	-1	-1	-1	-1	-1	-1	-1	-1	-1	-1	-1	-1	-1	-1	-1	-1
12112003	低级拆卸道具-拆技能-2	1	2	-1	-1	-1	-1	-1	-1	-1	-1	-1	-1	-1	0	2	100	-1	-1	-1	-1	-1	-1	-1	-1	-1	-1	-1	-1	-1	-1	-1	-1	-1
12112004	低级拆卸道具-拆技能-3	1	2	-1	-1	-1	-1	-1	-1	-1	-1	-1	-1	-1	0	3	100	-1	-1	-1	-1	-1	-1	-1	-1	-1	-1	-1	-1	-1	-1	-1	-1	-1
12112005	低级拆卸道具-拆技能-4	1	2	-1	-1	-1	-1	-1	-1	-1	-1	-1	-1	-1	0	4	100	-1	-1	-1	-1	-1	-1	-1	-1	-1	-1	-1	-1	-1	-1	-1	-1	-1
12112006	低级拆卸道具-拆配方-0	1	2	-1	-1	-1	-1	-1	-1	-1	-1	-1	-1	-1	0	-1	-1	0	100	-1	-1	-1	-1	-1	-1	-1	-1	-1	-1	-1	-1	-1	-1	-1
12112007	低级拆卸道具-拆配方-1	1	2	-1	-1	-1	-1	-1	-1	-1	-1	-1	-1	-1	0	-1	-1	1	100	-1	-1	-1	-1	-1	-1	-1	-1	-1	-1	-1	-1	-1	-1	-1
12112008	低级拆卸道具-拆配方-2	1	2	-1	-1	-1	-1	-1	-1	-1	-1	-1	-1	-1	0	-1	-1	2	100	-1	-1	-1	-1	-1	-1	-1	-1	-1	-1	-1	-1	-1	-1	-1
12112009	低级拆卸道具-拆配方-3	1	2	-1	-1	-1	-1	-1	-1	-1	-1	-1	-1	-1	0	-1	-1	3	100	-1	-1	-1	-1	-1	-1	-1	-1	-1	-1	-1	-1	-1	-1	-1
12112010	低级拆卸道具-拆配方-4	1	2	-1	-1	-1	-1	-1	-1	-1	-1	-1	-1	-1	0	-1	-1	4	100	-1	-1	-1	-1	-1	-1	-1	-1	-1	-1	-1	-1	-1	-1	-1
12112011	低级拆卸道具-拆召唤-0	1	2	-1	-1	-1	-1	-1	-1	-1	-1	-1	-1	-1	0	-1	-1	-1	-1	0	100	-1	-1	-1	-1	-1	-1	-1	-1	-1	-1	-1	-1	-1
12112012	低级拆卸道具-拆召唤-1	1	2	-1	-1	-1	-1	-1	-1	-1	-1	-1	-1	-1	0	-1	-1	-1	-1	1	100	-1	-1	-1	-1	-1	-1	-1	-1	-1	-1	-1	-1	-1
12112013	低级拆卸道具-拆召唤-2	1	2	-1	-1	-1	-1	-1	-1	-1	-1	-1	-1	-1	0	-1	-1	-1	-1	2	100	-1	-1	-1	-1	-1	-1	-1	-1	-1	-1	-1	-1	-1
12112014	低级拆卸道具-拆召唤-3	1	2	-1	-1	-1	-1	-1	-1	-1	-1	-1	-1	-1	0	-1	-1	-1	-1	3	100	-1	-1	-1	-1	-1	-1	-1	-1	-1	-1	-1	-1	-1
12112015	低级拆卸道具-拆召唤-4	1	2	-1	-1	-1	-1	-1	-1	-1	-1	-1	-1	-1	0	-1	-1	-1	-1	4	100	-1	-1	-1	-1	-1	-1	-1	-1	-1	-1	-1	-1	-1
12112016	低级拆卸道具-拆坐骑-0	1	2	-1	-1	-1	-1	-1	-1	-1	-1	-1	-1	-1	0	-1	-1	-1	-1	-1	-1	0	100	-1	-1	-1	-1	-1	-1	-1	-1	-1	-1	-1
12112017	低级拆卸道具-拆坐骑-1	1	2	-1	-1	-1	-1	-1	-1	-1	-1	-1	-1	-1	0	-1	-1	-1	-1	-1	-1	1	100	-1	-1	-1	-1	-1	-1	-1	-1	-1	-1	-1
12112018	低级拆卸道具-拆坐骑-2	1	2	-1	-1	-1	-1	-1	-1	-1	-1	-1	-1	-1	0	-1	-1	-1	-1	-1	-1	2	100	-1	-1	-1	-1	-1	-1	-1	-1	-1	-1	-1
12112019	低级拆卸道具-拆坐骑-3	1	2	-1	-1	-1	-1	-1	-1	-1	-1	-1	-1	-1	0	-1	-1	-1	-1	-1	-1	3	100	-1	-1	-1	-1	-1	-1	-1	-1	-1	-1	-1
12112020	低级拆卸道具-拆坐骑-4	1	2	-1	-1	-1	-1	-1	-1	-1	-1	-1	-1	-1	0	-1	-1	-1	-1	-1	-1	4	100	-1	-1	-1	-1	-1	-1	-1	-1	-1	-1	-1
12112101	初级拆卸道具-拆技能-0	1	2	-1	-1	-1	-1	-1	-1	-1	-1	-1	-1	-1	1	0	100	-1	-1	-1	-1	-1	-1	-1	-1	-1	-1	-1	-1	-1	-1	-1	-1	-1
12112102	初级拆卸道具-拆技能-1	1	2	-1	-1	-1	-1	-1	-1	-1	-1	-1	-1	-1	1	1	100	-1	-1	-1	-1	-1	-1	-1	-1	-1	-1	-1	-1	-1	-1	-1	-1	-1
12112103	初级拆卸道具-拆技能-2	1	2	-1	-1	-1	-1	-1	-1	-1	-1	-1	-1	-1	1	2	100	-1	-1	-1	-1	-1	-1	-1	-1	-1	-1	-1	-1	-1	-1	-1	-1	-1
12112104	初级拆卸道具-拆技能-3	1	2	-1	-1	-1	-1	-1	-1	-1	-1	-1	-1	-1	1	3	100	-1	-1	-1	-1	-1	-1	-1	-1	-1	-1	-1	-1	-1	-1	-1	-1	-1
12112105	初级拆卸道具-拆技能-4	1	2	-1	-1	-1	-1	-1	-1	-1	-1	-1	-1	-1	1	4	100	-1	-1	-1	-1	-1	-1	-1	-1	-1	-1	-1	-1	-1	-1	-1	-1	-1
12112106	初级拆卸道具-拆配方-0	1	2	-1	-1	-1	-1	-1	-1	-1	-1	-1	-1	-1	1	-1	-1	0	100	-1	-1	-1	-1	-1	-1	-1	-1	-1	-1	-1	-1	-1	-1	-1
12112107	初级拆卸道具-拆配方-1	1	2	-1	-1	-1	-1	-1	-1	-1	-1	-1	-1	-1	1	-1	-1	1	100	-1	-1	-1	-1	-1	-1	-1	-1	-1	-1	-1	-1	-1	-1	-1
12112108	初级拆卸道具-拆配方-2	1	2	-1	-1	-1	-1	-1	-1	-1	-1	-1	-1	-1	1	-1	-1	2	100	-1	-1	-1	-1	-1	-1	-1	-1	-1	-1	-1	-1	-1	-1	-1
12112109	初级拆卸道具-拆配方-3	1	2	-1	-1	-1	-1	-1	-1	-1	-1	-1	-1	-1	1	-1	-1	3	100	-1	-1	-1	-1	-1	-1	-1	-1	-1	-1	-1	-1	-1	-1	-1
12112110	初级拆卸道具-拆配方-4	1	2	-1	-1	-1	-1	-1	-1	-1	-1	-1	-1	-1	1	-1	-1	4	100	-1	-1	-1	-1	-1	-1	-1	-1	-1	-1	-1	-1	-1	-1	-1
12112111	初级拆卸道具-拆召唤-0	1	2	-1	-1	-1	-1	-1	-1	-1	-1	-1	-1	-1	1	-1	-1	-1	-1	0	100	-1	-1	-1	-1	-1	-1	-1	-1	-1	-1	-1	-1	-1
12112112	初级拆卸道具-拆召唤-1	1	2	-1	-1	-1	-1	-1	-1	-1	-1	-1	-1	-1	1	-1	-1	-1	-1	1	100	-1	-1	-1	-1	-1	-1	-1	-1	-1	-1	-1	-1	-1
12112113	初级拆卸道具-拆召唤-2	1	2	-1	-1	-1	-1	-1	-1	-1	-1	-1	-1	-1	1	-1	-1	-1	-1	2	100	-1	-1	-1	-1	-1	-1	-1	-1	-1	-1	-1	-1	-1
12112114	初级拆卸道具-拆召唤-3	1	2	-1	-1	-1	-1	-1	-1	-1	-1	-1	-1	-1	1	-1	-1	-1	-1	3	100	-1	-1	-1	-1	-1	-1	-1	-1	-1	-1	-1	-1	-1
12112115	初级拆卸道具-拆召唤-4	1	2	-1	-1	-1	-1	-1	-1	-1	-1	-1	-1	-1	1	-1	-1	-1	-1	4	100	-1	-1	-1	-1	-1	-1	-1	-1	-1	-1	-1	-1	-1
12112116	初级拆卸道具-拆坐骑-0	1	2	-1	-1	-1	-1	-1	-1	-1	-1	-1	-1	-1	1	-1	-1	-1	-1	-1	-1	0	100	-1	-1	-1	-1	-1	-1	-1	-1	-1	-1	-1
12112117	初级拆卸道具-拆坐骑-1	1	2	-1	-1	-1	-1	-1	-1	-1	-1	-1	-1	-1	1	-1	-1	-1	-1	-1	-1	1	100	-1	-1	-1	-1	-1	-1	-1	-1	-1	-1	-1
12112118	初级拆卸道具-拆坐骑-2	1	2	-1	-1	-1	-1	-1	-1	-1	-1	-1	-1	-1	1	-1	-1	-1	-1	-1	-1	2	100	-1	-1	-1	-1	-1	-1	-1	-1	-1	-1	-1
12112119	初级拆卸道具-拆坐骑-3	1	2	-1	-1	-1	-1	-1	-1	-1	-1	-1	-1	-1	1	-1	-1	-1	-1	-1	-1	3	100	-1	-1	-1	-1	-1	-1	-1	-1	-1	-1	-1
12112120	初级拆卸道具-拆坐骑-4	1	2	-1	-1	-1	-1	-1	-1	-1	-1	-1	-1	-1	1	-1	-1	-1	-1	-1	-1	4	100	-1	-1	-1	-1	-1	-1	-1	-1	-1	-1	-1
12112201	中级拆卸道具-拆技能-0	1	2	-1	-1	-1	-1	-1	-1	-1	-1	-1	-1	-1	2	0	100	-1	-1	-1	-1	-1	-1	-1	-1	-1	-1	-1	-1	-1	-1	-1	-1	-1
12112202	中级拆卸道具-拆技能-1	1	2	-1	-1	-1	-1	-1	-1	-1	-1	-1	-1	-1	2	1	100	-1	-1	-1	-1	-1	-1	-1	-1	-1	-1	-1	-1	-1	-1	-1	-1	-1
12112203	中级拆卸道具-拆技能-2	1	2	-1	-1	-1	-1	-1	-1	-1	-1	-1	-1	-1	2	2	100	-1	-1	-1	-1	-1	-1	-1	-1	-1	-1	-1	-1	-1	-1	-1	-1	-1
12112204	中级拆卸道具-拆技能-3	1	2	-1	-1	-1	-1	-1	-1	-1	-1	-1	-1	-1	2	3	100	-1	-1	-1	-1	-1	-1	-1	-1	-1	-1	-1	-1	-1	-1	-1	-1	-1
12112205	中级拆卸道具-拆技能-4	1	2	-1	-1	-1	-1	-1	-1	-1	-1	-1	-1	-1	2	4	100	-1	-1	-1	-1	-1	-1	-1	-1	-1	-1	-1	-1	-1	-1	-1	-1	-1
12112206	中级拆卸道具-拆配方-0	1	2	-1	-1	-1	-1	-1	-1	-1	-1	-1	-1	-1	2	-1	-1	0	100	-1	-1	-1	-1	-1	-1	-1	-1	-1	-1	-1	-1	-1	-1	-1
12112207	中级拆卸道具-拆配方-1	1	2	-1	-1	-1	-1	-1	-1	-1	-1	-1	-1	-1	2	-1	-1	1	100	-1	-1	-1	-1	-1	-1	-1	-1	-1	-1	-1	-1	-1	-1	-1
12112208	中级拆卸道具-拆配方-2	1	2	-1	-1	-1	-1	-1	-1	-1	-1	-1	-1	-1	2	-1	-1	2	100	-1	-1	-1	-1	-1	-1	-1	-1	-1	-1	-1	-1	-1	-1	-1
12112209	中级拆卸道具-拆配方-3	1	2	-1	-1	-1	-1	-1	-1	-1	-1	-1	-1	-1	2	-1	-1	3	100	-1	-1	-1	-1	-1	-1	-1	-1	-1	-1	-1	-1	-1	-1	-1
12112210	中级拆卸道具-拆配方-4	1	2	-1	-1	-1	-1	-1	-1	-1	-1	-1	-1	-1	2	-1	-1	4	100	-1	-1	-1	-1	-1	-1	-1	-1	-1	-1	-1	-1	-1	-1	-1
12112211	中级拆卸道具-拆召唤-0	1	2	-1	-1	-1	-1	-1	-1	-1	-1	-1	-1	-1	2	-1	-1	-1	-1	0	100	-1	-1	-1	-1	-1	-1	-1	-1	-1	-1	-1	-1	-1
12112212	中级拆卸道具-拆召唤-1	1	2	-1	-1	-1	-1	-1	-1	-1	-1	-1	-1	-1	2	-1	-1	-1	-1	1	100	-1	-1	-1	-1	-1	-1	-1	-1	-1	-1	-1	-1	-1
12112213	中级拆卸道具-拆召唤-2	1	2	-1	-1	-1	-1	-1	-1	-1	-1	-1	-1	-1	2	-1	-1	-1	-1	2	100	-1	-1	-1	-1	-1	-1	-1	-1	-1	-1	-1	-1	-1
12112214	中级拆卸道具-拆召唤-3	1	2	-1	-1	-1	-1	-1	-1	-1	-1	-1	-1	-1	2	-1	-1	-1	-1	3	100	-1	-1	-1	-1	-1	-1	-1	-1	-1	-1	-1	-1	-1
12112215	中级拆卸道具-拆召唤-4	1	2	-1	-1	-1	-1	-1	-1	-1	-1	-1	-1	-1	2	-1	-1	-1	-1	4	100	-1	-1	-1	-1	-1	-1	-1	-1	-1	-1	-1	-1	-1
12112216	中级拆卸道具-拆坐骑-0	1	2	-1	-1	-1	-1	-1	-1	-1	-1	-1	-1	-1	2	-1	-1	-1	-1	-1	-1	0	100	-1	-1	-1	-1	-1	-1	-1	-1	-1	-1	-1
12112217	中级拆卸道具-拆坐骑-1	1	2	-1	-1	-1	-1	-1	-1	-1	-1	-1	-1	-1	2	-1	-1	-1	-1	-1	-1	1	100	-1	-1	-1	-1	-1	-1	-1	-1	-1	-1	-1
12112218	中级拆卸道具-拆坐骑-2	1	2	-1	-1	-1	-1	-1	-1	-1	-1	-1	-1	-1	2	-1	-1	-1	-1	-1	-1	2	100	-1	-1	-1	-1	-1	-1	-1	-1	-1	-1	-1
12112219	中级拆卸道具-拆坐骑-3	1	2	-1	-1	-1	-1	-1	-1	-1	-1	-1	-1	-1	2	-1	-1	-1	-1	-1	-1	3	100	-1	-1	-1	-1	-1	-1	-1	-1	-1	-1	-1
12112220	中级拆卸道具-拆坐骑-4	1	2	-1	-1	-1	-1	-1	-1	-1	-1	-1	-1	-1	2	-1	-1	-1	-1	-1	-1	4	100	-1	-1	-1	-1	-1	-1	-1	-1	-1	-1	-1
12112301	高级拆卸道具-拆技能-0	1	2	-1	-1	-1	-1	-1	-1	-1	-1	-1	-1	-1	3	0	100	-1	-1	-1	-1	-1	-1	-1	-1	-1	-1	-1	-1	-1	-1	-1	-1	-1
12112302	高级拆卸道具-拆技能-1	1	2	-1	-1	-1	-1	-1	-1	-1	-1	-1	-1	-1	3	1	100	-1	-1	-1	-1	-1	-1	-1	-1	-1	-1	-1	-1	-1	-1	-1	-1	-1
12112303	高级拆卸道具-拆技能-2	1	2	-1	-1	-1	-1	-1	-1	-1	-1	-1	-1	-1	3	2	100	-1	-1	-1	-1	-1	-1	-1	-1	-1	-1	-1	-1	-1	-1	-1	-1	-1
12112304	高级拆卸道具-拆技能-3	1	2	-1	-1	-1	-1	-1	-1	-1	-1	-1	-1	-1	3	3	100	-1	-1	-1	-1	-1	-1	-1	-1	-1	-1	-1	-1	-1	-1	-1	-1	-1
12112305	高级拆卸道具-拆技能-4	1	2	-1	-1	-1	-1	-1	-1	-1	-1	-1	-1	-1	3	4	100	-1	-1	-1	-1	-1	-1	-1	-1	-1	-1	-1	-1	-1	-1	-1	-1	-1
12112306	高级拆卸道具-拆配方-0	1	2	-1	-1	-1	-1	-1	-1	-1	-1	-1	-1	-1	3	-1	-1	0	100	-1	-1	-1	-1	-1	-1	-1	-1	-1	-1	-1	-1	-1	-1	-1
12112307	高级拆卸道具-拆配方-1	1	2	-1	-1	-1	-1	-1	-1	-1	-1	-1	-1	-1	3	-1	-1	1	100	-1	-1	-1	-1	-1	-1	-1	-1	-1	-1	-1	-1	-1	-1	-1
12112308	高级拆卸道具-拆配方-2	1	2	-1	-1	-1	-1	-1	-1	-1	-1	-1	-1	-1	3	-1	-1	2	100	-1	-1	-1	-1	-1	-1	-1	-1	-1	-1	-1	-1	-1	-1	-1
12112309	高级拆卸道具-拆配方-3	1	2	-1	-1	-1	-1	-1	-1	-1	-1	-1	-1	-1	3	-1	-1	3	100	-1	-1	-1	-1	-1	-1	-1	-1	-1	-1	-1	-1	-1	-1	-1
12112310	高级拆卸道具-拆配方-4	1	2	-1	-1	-1	-1	-1	-1	-1	-1	-1	-1	-1	3	-1	-1	4	100	-1	-1	-1	-1	-1	-1	-1	-1	-1	-1	-1	-1	-1	-1	-1
12112311	高级拆卸道具-拆召唤-0	1	2	-1	-1	-1	-1	-1	-1	-1	-1	-1	-1	-1	3	-1	-1	-1	-1	0	100	-1	-1	-1	-1	-1	-1	-1	-1	-1	-1	-1	-1	-1
12112312	高级拆卸道具-拆召唤-1	1	2	-1	-1	-1	-1	-1	-1	-1	-1	-1	-1	-1	3	-1	-1	-1	-1	1	100	-1	-1	-1	-1	-1	-1	-1	-1	-1	-1	-1	-1	-1
12112313	高级拆卸道具-拆召唤-2	1	2	-1	-1	-1	-1	-1	-1	-1	-1	-1	-1	-1	3	-1	-1	-1	-1	2	100	-1	-1	-1	-1	-1	-1	-1	-1	-1	-1	-1	-1	-1
12112314	高级拆卸道具-拆召唤-3	1	2	-1	-1	-1	-1	-1	-1	-1	-1	-1	-1	-1	3	-1	-1	-1	-1	3	100	-1	-1	-1	-1	-1	-1	-1	-1	-1	-1	-1	-1	-1
12112315	高级拆卸道具-拆召唤-4	1	2	-1	-1	-1	-1	-1	-1	-1	-1	-1	-1	-1	3	-1	-1	-1	-1	4	100	-1	-1	-1	-1	-1	-1	-1	-1	-1	-1	-1	-1	-1
12112316	高级拆卸道具-拆坐骑-0	1	2	-1	-1	-1	-1	-1	-1	-1	-1	-1	-1	-1	3	-1	-1	-1	-1	-1	-1	0	100	-1	-1	-1	-1	-1	-1	-1	-1	-1	-1	-1
12112317	高级拆卸道具-拆坐骑-1	1	2	-1	-1	-1	-1	-1	-1	-1	-1	-1	-1	-1	3	-1	-1	-1	-1	-1	-1	1	100	-1	-1	-1	-1	-1	-1	-1	-1	-1	-1	-1
12112318	高级拆卸道具-拆坐骑-2	1	2	-1	-1	-1	-1	-1	-1	-1	-1	-1	-1	-1	3	-1	-1	-1	-1	-1	-1	2	100	-1	-1	-1	-1	-1	-1	-1	-1	-1	-1	-1
12112319	高级拆卸道具-拆坐骑-3	1	2	-1	-1	-1	-1	-1	-1	-1	-1	-1	-1	-1	3	-1	-1	-1	-1	-1	-1	3	100	-1	-1	-1	-1	-1	-1	-1	-1	-1	-1	-1
12112320	高级拆卸道具-拆坐骑-4	1	2	-1	-1	-1	-1	-1	-1	-1	-1	-1	-1	-1	3	-1	-1	-1	-1	-1	-1	4	100	-1	-1	-1	-1	-1	-1	-1	-1	-1	-1	-1
12112401	特殊类型拆卸道具-拆技能-0	1	2	-1	-1	-1	-1	-1	-1	-1	-1	-1	-1	-1	4	0	100	-1	-1	-1	-1	-1	-1	-1	-1	-1	-1	-1	-1	-1	-1	-1	-1	-1
12112402	特殊类型拆卸道具-拆技能-1	1	2	-1	-1	-1	-1	-1	-1	-1	-1	-1	-1	-1	4	1	100	-1	-1	-1	-1	-1	-1	-1	-1	-1	-1	-1	-1	-1	-1	-1	-1	-1
12112403	特殊类型拆卸道具-拆技能-2	1	2	-1	-1	-1	-1	-1	-1	-1	-1	-1	-1	-1	4	2	100	-1	-1	-1	-1	-1	-1	-1	-1	-1	-1	-1	-1	-1	-1	-1	-1	-1
12112404	特殊类型拆卸道具-拆技能-3	1	2	-1	-1	-1	-1	-1	-1	-1	-1	-1	-1	-1	4	3	100	-1	-1	-1	-1	-1	-1	-1	-1	-1	-1	-1	-1	-1	-1	-1	-1	-1
12112405	特殊类型拆卸道具-拆技能-4	1	2	-1	-1	-1	-1	-1	-1	-1	-1	-1	-1	-1	4	4	100	-1	-1	-1	-1	-1	-1	-1	-1	-1	-1	-1	-1	-1	-1	-1	-1	-1
12112406	特殊类型拆卸道具-拆配方-0	1	2	-1	-1	-1	-1	-1	-1	-1	-1	-1	-1	-1	4	-1	-1	0	100	-1	-1	-1	-1	-1	-1	-1	-1	-1	-1	-1	-1	-1	-1	-1
12112407	特殊类型拆卸道具-拆配方-1	1	2	-1	-1	-1	-1	-1	-1	-1	-1	-1	-1	-1	4	-1	-1	1	100	-1	-1	-1	-1	-1	-1	-1	-1	-1	-1	-1	-1	-1	-1	-1
12112408	特殊类型拆卸道具-拆配方-2	1	2	-1	-1	-1	-1	-1	-1	-1	-1	-1	-1	-1	4	-1	-1	2	100	-1	-1	-1	-1	-1	-1	-1	-1	-1	-1	-1	-1	-1	-1	-1
12112409	特殊类型拆卸道具-拆配方-3	1	2	-1	-1	-1	-1	-1	-1	-1	-1	-1	-1	-1	4	-1	-1	3	100	-1	-1	-1	-1	-1	-1	-1	-1	-1	-1	-1	-1	-1	-1	-1
12112410	特殊类型拆卸道具-拆配方-4	1	2	-1	-1	-1	-1	-1	-1	-1	-1	-1	-1	-1	4	-1	-1	4	100	-1	-1	-1	-1	-1	-1	-1	-1	-1	-1	-1	-1	-1	-1	-1
12112411	特殊类型拆卸道具-拆召唤-0	1	2	-1	-1	-1	-1	-1	-1	-1	-1	-1	-1	-1	4	-1	-1	-1	-1	0	100	-1	-1	-1	-1	-1	-1	-1	-1	-1	-1	-1	-1	-1
12112412	特殊类型拆卸道具-拆召唤-1	1	2	-1	-1	-1	-1	-1	-1	-1	-1	-1	-1	-1	4	-1	-1	-1	-1	1	100	-1	-1	-1	-1	-1	-1	-1	-1	-1	-1	-1	-1	-1
12112413	特殊类型拆卸道具-拆召唤-2	1	2	-1	-1	-1	-1	-1	-1	-1	-1	-1	-1	-1	4	-1	-1	-1	-1	2	100	-1	-1	-1	-1	-1	-1	-1	-1	-1	-1	-1	-1	-1
12112414	特殊类型拆卸道具-拆召唤-3	1	2	-1	-1	-1	-1	-1	-1	-1	-1	-1	-1	-1	4	-1	-1	-1	-1	3	100	-1	-1	-1	-1	-1	-1	-1	-1	-1	-1	-1	-1	-1
12112415	特殊类型拆卸道具-拆召唤-4	1	2	-1	-1	-1	-1	-1	-1	-1	-1	-1	-1	-1	4	-1	-1	-1	-1	4	100	-1	-1	-1	-1	-1	-1	-1	-1	-1	-1	-1	-1	-1
12112416	特殊类型拆卸道具-拆坐骑-0	1	2	-1	-1	-1	-1	-1	-1	-1	-1	-1	-1	-1	4	-1	-1	-1	-1	-1	-1	0	100	-1	-1	-1	-1	-1	-1	-1	-1	-1	-1	-1
12112417	特殊类型拆卸道具-拆坐骑-1	1	2	-1	-1	-1	-1	-1	-1	-1	-1	-1	-1	-1	4	-1	-1	-1	-1	-1	-1	1	100	-1	-1	-1	-1	-1	-1	-1	-1	-1	-1	-1
12112418	特殊类型拆卸道具-拆坐骑-2	1	2	-1	-1	-1	-1	-1	-1	-1	-1	-1	-1	-1	4	-1	-1	-1	-1	-1	-1	2	100	-1	-1	-1	-1	-1	-1	-1	-1	-1	-1	-1
12112419	特殊类型拆卸道具-拆坐骑-3	1	2	-1	-1	-1	-1	-1	-1	-1	-1	-1	-1	-1	4	-1	-1	-1	-1	-1	-1	3	100	-1	-1	-1	-1	-1	-1	-1	-1	-1	-1	-1
12112420	特殊类型拆卸道具-拆坐骑-4	1	2	-1	-1	-1	-1	-1	-1	-1	-1	-1	-1	-1	4	-1	-1	-1	-1	-1	-1	4	100	-1	-1	-1	-1	-1	-1	-1	-1	-1	-1	-1
12114001	低级炼化道具-炼技能-0	1	3	-1	-1	-1	-1	-1	-1	-1	-1	-1	-1	-1	-1	-1	-1	-1	-1	-1	-1	-1	-1	0	0	100	-1	-1	-1	-1	-1	-1	-1	-1
12114002	低级炼化道具-炼技能-1	1	3	-1	-1	-1	-1	-1	-1	-1	-1	-1	-1	-1	-1	-1	-1	-1	-1	-1	-1	-1	-1	0	1	100	-1	-1	-1	-1	-1	-1	-1	-1
12114003	低级炼化道具-炼技能-2	1	3	-1	-1	-1	-1	-1	-1	-1	-1	-1	-1	-1	-1	-1	-1	-1	-1	-1	-1	-1	-1	0	2	100	-1	-1	-1	-1	-1	-1	-1	-1
12114004	低级炼化道具-炼技能-3	1	3	-1	-1	-1	-1	-1	-1	-1	-1	-1	-1	-1	-1	-1	-1	-1	-1	-1	-1	-1	-1	0	3	100	-1	-1	-1	-1	-1	-1	-1	-1
12114005	低级炼化道具-炼技能-4	1	3	-1	-1	-1	-1	-1	-1	-1	-1	-1	-1	-1	-1	-1	-1	-1	-1	-1	-1	-1	-1	0	4	100	-1	-1	-1	-1	-1	-1	-1	-1
12114006	低级炼化道具-炼配方-0	1	3	-1	-1	-1	-1	-1	-1	-1	-1	-1	-1	-1	-1	-1	-1	-1	-1	-1	-1	-1	-1	0	-1	-1	0	100	-1	-1	-1	-1	-1	-1
12114007	低级炼化道具-炼配方-1	1	3	-1	-1	-1	-1	-1	-1	-1	-1	-1	-1	-1	-1	-1	-1	-1	-1	-1	-1	-1	-1	0	-1	-1	1	100	-1	-1	-1	-1	-1	-1
12114008	低级炼化道具-炼配方-2	1	3	-1	-1	-1	-1	-1	-1	-1	-1	-1	-1	-1	-1	-1	-1	-1	-1	-1	-1	-1	-1	0	-1	-1	2	100	-1	-1	-1	-1	-1	-1
12114009	低级炼化道具-炼配方-3	1	3	-1	-1	-1	-1	-1	-1	-1	-1	-1	-1	-1	-1	-1	-1	-1	-1	-1	-1	-1	-1	0	-1	-1	3	100	-1	-1	-1	-1	-1	-1
12114010	低级炼化道具-炼配方-4	1	3	-1	-1	-1	-1	-1	-1	-1	-1	-1	-1	-1	-1	-1	-1	-1	-1	-1	-1	-1	-1	0	-1	-1	4	100	-1	-1	-1	-1	-1	-1
12114011	低级炼化道具-炼召唤-0	1	3	-1	-1	-1	-1	-1	-1	-1	-1	-1	-1	-1	-1	-1	-1	-1	-1	-1	-1	-1	-1	0	-1	-1	-1	-1	0	100	-1	-1	-1	-1
12114012	低级炼化道具-炼召唤-1	1	3	-1	-1	-1	-1	-1	-1	-1	-1	-1	-1	-1	-1	-1	-1	-1	-1	-1	-1	-1	-1	0	-1	-1	-1	-1	1	100	-1	-1	-1	-1
12114013	低级炼化道具-炼召唤-2	1	3	-1	-1	-1	-1	-1	-1	-1	-1	-1	-1	-1	-1	-1	-1	-1	-1	-1	-1	-1	-1	0	-1	-1	-1	-1	2	100	-1	-1	-1	-1
12114014	低级炼化道具-炼召唤-3	1	3	-1	-1	-1	-1	-1	-1	-1	-1	-1	-1	-1	-1	-1	-1	-1	-1	-1	-1	-1	-1	0	-1	-1	-1	-1	3	100	-1	-1	-1	-1
12114015	低级炼化道具-炼召唤-4	1	3	-1	-1	-1	-1	-1	-1	-1	-1	-1	-1	-1	-1	-1	-1	-1	-1	-1	-1	-1	-1	0	-1	-1	-1	-1	4	100	-1	-1	-1	-1
12114016	低级炼化道具-炼坐骑-0	1	3	-1	-1	-1	-1	-1	-1	-1	-1	-1	-1	-1	-1	-1	-1	-1	-1	-1	-1	-1	-1	0	-1	-1	-1	-1	-1	-1	0	100	-1	-1
12114017	低级炼化道具-炼坐骑-1	1	3	-1	-1	-1	-1	-1	-1	-1	-1	-1	-1	-1	-1	-1	-1	-1	-1	-1	-1	-1	-1	0	-1	-1	-1	-1	-1	-1	1	100	-1	-1
12114018	低级炼化道具-炼坐骑-2	1	3	-1	-1	-1	-1	-1	-1	-1	-1	-1	-1	-1	-1	-1	-1	-1	-1	-1	-1	-1	-1	0	-1	-1	-1	-1	-1	-1	2	100	-1	-1
12114019	低级炼化道具-炼坐骑-3	1	3	-1	-1	-1	-1	-1	-1	-1	-1	-1	-1	-1	-1	-1	-1	-1	-1	-1	-1	-1	-1	0	-1	-1	-1	-1	-1	-1	3	100	-1	-1
12114020	低级炼化道具-炼坐骑-4	1	3	-1	-1	-1	-1	-1	-1	-1	-1	-1	-1	-1	-1	-1	-1	-1	-1	-1	-1	-1	-1	0	-1	-1	-1	-1	-1	-1	4	100	-1	-1
12114101	初级炼化道具-炼技能-0	1	3	-1	-1	-1	-1	-1	-1	-1	-1	-1	-1	-1	-1	-1	-1	-1	-1	-1	-1	-1	-1	1	0	100	-1	-1	-1	-1	-1	-1	-1	-1
12114102	初级炼化道具-炼技能-1	1	3	-1	-1	-1	-1	-1	-1	-1	-1	-1	-1	-1	-1	-1	-1	-1	-1	-1	-1	-1	-1	1	1	100	-1	-1	-1	-1	-1	-1	-1	-1
12114103	初级炼化道具-炼技能-2	1	3	-1	-1	-1	-1	-1	-1	-1	-1	-1	-1	-1	-1	-1	-1	-1	-1	-1	-1	-1	-1	1	2	100	-1	-1	-1	-1	-1	-1	-1	-1
12114104	初级炼化道具-炼技能-3	1	3	-1	-1	-1	-1	-1	-1	-1	-1	-1	-1	-1	-1	-1	-1	-1	-1	-1	-1	-1	-1	1	3	100	-1	-1	-1	-1	-1	-1	-1	-1
12114105	初级炼化道具-炼技能-4	1	3	-1	-1	-1	-1	-1	-1	-1	-1	-1	-1	-1	-1	-1	-1	-1	-1	-1	-1	-1	-1	1	4	100	-1	-1	-1	-1	-1	-1	-1	-1
12114106	初级炼化道具-炼配方-0	1	3	-1	-1	-1	-1	-1	-1	-1	-1	-1	-1	-1	-1	-1	-1	-1	-1	-1	-1	-1	-1	1	-1	-1	0	100	-1	-1	-1	-1	-1	-1
12114107	初级炼化道具-炼配方-1	1	3	-1	-1	-1	-1	-1	-1	-1	-1	-1	-1	-1	-1	-1	-1	-1	-1	-1	-1	-1	-1	1	-1	-1	1	100	-1	-1	-1	-1	-1	-1
12114108	初级炼化道具-炼配方-2	1	3	-1	-1	-1	-1	-1	-1	-1	-1	-1	-1	-1	-1	-1	-1	-1	-1	-1	-1	-1	-1	1	-1	-1	2	100	-1	-1	-1	-1	-1	-1
12114109	初级炼化道具-炼配方-3	1	3	-1	-1	-1	-1	-1	-1	-1	-1	-1	-1	-1	-1	-1	-1	-1	-1	-1	-1	-1	-1	1	-1	-1	3	100	-1	-1	-1	-1	-1	-1
12114110	初级炼化道具-炼配方-4	1	3	-1	-1	-1	-1	-1	-1	-1	-1	-1	-1	-1	-1	-1	-1	-1	-1	-1	-1	-1	-1	1	-1	-1	4	100	-1	-1	-1	-1	-1	-1
12114111	初级炼化道具-炼召唤-0	1	3	-1	-1	-1	-1	-1	-1	-1	-1	-1	-1	-1	-1	-1	-1	-1	-1	-1	-1	-1	-1	1	-1	-1	-1	-1	0	100	-1	-1	-1	-1
12114112	初级炼化道具-炼召唤-1	1	3	-1	-1	-1	-1	-1	-1	-1	-1	-1	-1	-1	-1	-1	-1	-1	-1	-1	-1	-1	-1	1	-1	-1	-1	-1	1	100	-1	-1	-1	-1
12114113	初级炼化道具-炼召唤-2	1	3	-1	-1	-1	-1	-1	-1	-1	-1	-1	-1	-1	-1	-1	-1	-1	-1	-1	-1	-1	-1	1	-1	-1	-1	-1	2	100	-1	-1	-1	-1
12114114	初级炼化道具-炼召唤-3	1	3	-1	-1	-1	-1	-1	-1	-1	-1	-1	-1	-1	-1	-1	-1	-1	-1	-1	-1	-1	-1	1	-1	-1	-1	-1	3	100	-1	-1	-1	-1
12114115	初级炼化道具-炼召唤-4	1	3	-1	-1	-1	-1	-1	-1	-1	-1	-1	-1	-1	-1	-1	-1	-1	-1	-1	-1	-1	-1	1	-1	-1	-1	-1	4	100	-1	-1	-1	-1
12114116	初级炼化道具-炼坐骑-0	1	3	-1	-1	-1	-1	-1	-1	-1	-1	-1	-1	-1	-1	-1	-1	-1	-1	-1	-1	-1	-1	1	-1	-1	-1	-1	-1	-1	0	100	-1	-1
12114117	初级炼化道具-炼坐骑-1	1	3	-1	-1	-1	-1	-1	-1	-1	-1	-1	-1	-1	-1	-1	-1	-1	-1	-1	-1	-1	-1	1	-1	-1	-1	-1	-1	-1	1	100	-1	-1
12114118	初级炼化道具-炼坐骑-2	1	3	-1	-1	-1	-1	-1	-1	-1	-1	-1	-1	-1	-1	-1	-1	-1	-1	-1	-1	-1	-1	1	-1	-1	-1	-1	-1	-1	2	100	-1	-1
12114119	初级炼化道具-炼坐骑-3	1	3	-1	-1	-1	-1	-1	-1	-1	-1	-1	-1	-1	-1	-1	-1	-1	-1	-1	-1	-1	-1	1	-1	-1	-1	-1	-1	-1	3	100	-1	-1
12114120	初级炼化道具-炼坐骑-4	1	3	-1	-1	-1	-1	-1	-1	-1	-1	-1	-1	-1	-1	-1	-1	-1	-1	-1	-1	-1	-1	1	-1	-1	-1	-1	-1	-1	4	100	-1	-1
12114201	中级炼化道具-炼技能-0	1	3	-1	-1	-1	-1	-1	-1	-1	-1	-1	-1	-1	-1	-1	-1	-1	-1	-1	-1	-1	-1	2	0	100	-1	-1	-1	-1	-1	-1	-1	-1
12114202	中级炼化道具-炼技能-1	1	3	-1	-1	-1	-1	-1	-1	-1	-1	-1	-1	-1	-1	-1	-1	-1	-1	-1	-1	-1	-1	2	1	100	-1	-1	-1	-1	-1	-1	-1	-1
12114203	中级炼化道具-炼技能-2	1	3	-1	-1	-1	-1	-1	-1	-1	-1	-1	-1	-1	-1	-1	-1	-1	-1	-1	-1	-1	-1	2	2	100	-1	-1	-1	-1	-1	-1	-1	-1
12114204	中级炼化道具-炼技能-3	1	3	-1	-1	-1	-1	-1	-1	-1	-1	-1	-1	-1	-1	-1	-1	-1	-1	-1	-1	-1	-1	2	3	100	-1	-1	-1	-1	-1	-1	-1	-1
12114205	中级炼化道具-炼技能-4	1	3	-1	-1	-1	-1	-1	-1	-1	-1	-1	-1	-1	-1	-1	-1	-1	-1	-1	-1	-1	-1	2	4	100	-1	-1	-1	-1	-1	-1	-1	-1
12114206	中级炼化道具-炼配方-0	1	3	-1	-1	-1	-1	-1	-1	-1	-1	-1	-1	-1	-1	-1	-1	-1	-1	-1	-1	-1	-1	2	-1	-1	0	100	-1	-1	-1	-1	-1	-1
12114207	中级炼化道具-炼配方-1	1	3	-1	-1	-1	-1	-1	-1	-1	-1	-1	-1	-1	-1	-1	-1	-1	-1	-1	-1	-1	-1	2	-1	-1	1	100	-1	-1	-1	-1	-1	-1
12114208	中级炼化道具-炼配方-2	1	3	-1	-1	-1	-1	-1	-1	-1	-1	-1	-1	-1	-1	-1	-1	-1	-1	-1	-1	-1	-1	2	-1	-1	2	100	-1	-1	-1	-1	-1	-1
12114209	中级炼化道具-炼配方-3	1	3	-1	-1	-1	-1	-1	-1	-1	-1	-1	-1	-1	-1	-1	-1	-1	-1	-1	-1	-1	-1	2	-1	-1	3	100	-1	-1	-1	-1	-1	-1
12114210	中级炼化道具-炼配方-4	1	3	-1	-1	-1	-1	-1	-1	-1	-1	-1	-1	-1	-1	-1	-1	-1	-1	-1	-1	-1	-1	2	-1	-1	4	100	-1	-1	-1	-1	-1	-1
12114211	中级炼化道具-炼召唤-0	1	3	-1	-1	-1	-1	-1	-1	-1	-1	-1	-1	-1	-1	-1	-1	-1	-1	-1	-1	-1	-1	2	-1	-1	-1	-1	0	100	-1	-1	-1	-1
12114212	中级炼化道具-炼召唤-1	1	3	-1	-1	-1	-1	-1	-1	-1	-1	-1	-1	-1	-1	-1	-1	-1	-1	-1	-1	-1	-1	2	-1	-1	-1	-1	1	100	-1	-1	-1	-1
12114213	中级炼化道具-炼召唤-2	1	3	-1	-1	-1	-1	-1	-1	-1	-1	-1	-1	-1	-1	-1	-1	-1	-1	-1	-1	-1	-1	2	-1	-1	-1	-1	2	100	-1	-1	-1	-1
12114214	中级炼化道具-炼召唤-3	1	3	-1	-1	-1	-1	-1	-1	-1	-1	-1	-1	-1	-1	-1	-1	-1	-1	-1	-1	-1	-1	2	-1	-1	-1	-1	3	100	-1	-1	-1	-1
12114215	中级炼化道具-炼召唤-4	1	3	-1	-1	-1	-1	-1	-1	-1	-1	-1	-1	-1	-1	-1	-1	-1	-1	-1	-1	-1	-1	2	-1	-1	-1	-1	4	100	-1	-1	-1	-1
12114216	中级炼化道具-炼坐骑-0	1	3	-1	-1	-1	-1	-1	-1	-1	-1	-1	-1	-1	-1	-1	-1	-1	-1	-1	-1	-1	-1	2	-1	-1	-1	-1	-1	-1	0	100	-1	-1
12114217	中级炼化道具-炼坐骑-1	1	3	-1	-1	-1	-1	-1	-1	-1	-1	-1	-1	-1	-1	-1	-1	-1	-1	-1	-1	-1	-1	2	-1	-1	-1	-1	-1	-1	1	100	-1	-1
12114218	中级炼化道具-炼坐骑-2	1	3	-1	-1	-1	-1	-1	-1	-1	-1	-1	-1	-1	-1	-1	-1	-1	-1	-1	-1	-1	-1	2	-1	-1	-1	-1	-1	-1	2	100	-1	-1
12114219	中级炼化道具-炼坐骑-3	1	3	-1	-1	-1	-1	-1	-1	-1	-1	-1	-1	-1	-1	-1	-1	-1	-1	-1	-1	-1	-1	2	-1	-1	-1	-1	-1	-1	3	100	-1	-1
12114220	中级炼化道具-炼坐骑-4	1	3	-1	-1	-1	-1	-1	-1	-1	-1	-1	-1	-1	-1	-1	-1	-1	-1	-1	-1	-1	-1	2	-1	-1	-1	-1	-1	-1	4	100	-1	-1
12114301	高级炼化道具-炼技能-0	1	3	-1	-1	-1	-1	-1	-1	-1	-1	-1	-1	-1	-1	-1	-1	-1	-1	-1	-1	-1	-1	3	0	100	-1	-1	-1	-1	-1	-1	-1	-1
12114302	高级炼化道具-炼技能-1	1	3	-1	-1	-1	-1	-1	-1	-1	-1	-1	-1	-1	-1	-1	-1	-1	-1	-1	-1	-1	-1	3	1	100	-1	-1	-1	-1	-1	-1	-1	-1
12114303	高级炼化道具-炼技能-2	1	3	-1	-1	-1	-1	-1	-1	-1	-1	-1	-1	-1	-1	-1	-1	-1	-1	-1	-1	-1	-1	3	2	100	-1	-1	-1	-1	-1	-1	-1	-1
12114304	高级炼化道具-炼技能-3	1	3	-1	-1	-1	-1	-1	-1	-1	-1	-1	-1	-1	-1	-1	-1	-1	-1	-1	-1	-1	-1	3	3	100	-1	-1	-1	-1	-1	-1	-1	-1
12114305	高级炼化道具-炼技能-4	1	3	-1	-1	-1	-1	-1	-1	-1	-1	-1	-1	-1	-1	-1	-1	-1	-1	-1	-1	-1	-1	3	4	100	-1	-1	-1	-1	-1	-1	-1	-1
12114306	高级炼化道具-炼配方-0	1	3	-1	-1	-1	-1	-1	-1	-1	-1	-1	-1	-1	-1	-1	-1	-1	-1	-1	-1	-1	-1	3	-1	-1	0	100	-1	-1	-1	-1	-1	-1
12114307	高级炼化道具-炼配方-1	1	3	-1	-1	-1	-1	-1	-1	-1	-1	-1	-1	-1	-1	-1	-1	-1	-1	-1	-1	-1	-1	3	-1	-1	1	100	-1	-1	-1	-1	-1	-1
12114308	高级炼化道具-炼配方-2	1	3	-1	-1	-1	-1	-1	-1	-1	-1	-1	-1	-1	-1	-1	-1	-1	-1	-1	-1	-1	-1	3	-1	-1	2	100	-1	-1	-1	-1	-1	-1
12114309	高级炼化道具-炼配方-3	1	3	-1	-1	-1	-1	-1	-1	-1	-1	-1	-1	-1	-1	-1	-1	-1	-1	-1	-1	-1	-1	3	-1	-1	3	100	-1	-1	-1	-1	-1	-1
12114310	高级炼化道具-炼配方-4	1	3	-1	-1	-1	-1	-1	-1	-1	-1	-1	-1	-1	-1	-1	-1	-1	-1	-1	-1	-1	-1	3	-1	-1	4	100	-1	-1	-1	-1	-1	-1
12114311	高级炼化道具-炼召唤-0	1	3	-1	-1	-1	-1	-1	-1	-1	-1	-1	-1	-1	-1	-1	-1	-1	-1	-1	-1	-1	-1	3	-1	-1	-1	-1	0	100	-1	-1	-1	-1
12114312	高级炼化道具-炼召唤-1	1	3	-1	-1	-1	-1	-1	-1	-1	-1	-1	-1	-1	-1	-1	-1	-1	-1	-1	-1	-1	-1	3	-1	-1	-1	-1	1	100	-1	-1	-1	-1
12114313	高级炼化道具-炼召唤-2	1	3	-1	-1	-1	-1	-1	-1	-1	-1	-1	-1	-1	-1	-1	-1	-1	-1	-1	-1	-1	-1	3	-1	-1	-1	-1	2	100	-1	-1	-1	-1
12114314	高级炼化道具-炼召唤-3	1	3	-1	-1	-1	-1	-1	-1	-1	-1	-1	-1	-1	-1	-1	-1	-1	-1	-1	-1	-1	-1	3	-1	-1	-1	-1	3	100	-1	-1	-1	-1
12114315	高级炼化道具-炼召唤-4	1	3	-1	-1	-1	-1	-1	-1	-1	-1	-1	-1	-1	-1	-1	-1	-1	-1	-1	-1	-1	-1	3	-1	-1	-1	-1	4	100	-1	-1	-1	-1
12114316	高级炼化道具-炼坐骑-0	1	3	-1	-1	-1	-1	-1	-1	-1	-1	-1	-1	-1	-1	-1	-1	-1	-1	-1	-1	-1	-1	3	-1	-1	-1	-1	-1	-1	0	100	-1	-1
12114317	高级炼化道具-炼坐骑-1	1	3	-1	-1	-1	-1	-1	-1	-1	-1	-1	-1	-1	-1	-1	-1	-1	-1	-1	-1	-1	-1	3	-1	-1	-1	-1	-1	-1	1	100	-1	-1
12114318	高级炼化道具-炼坐骑-2	1	3	-1	-1	-1	-1	-1	-1	-1	-1	-1	-1	-1	-1	-1	-1	-1	-1	-1	-1	-1	-1	3	-1	-1	-1	-1	-1	-1	2	100	-1	-1
12114319	高级炼化道具-炼坐骑-3	1	3	-1	-1	-1	-1	-1	-1	-1	-1	-1	-1	-1	-1	-1	-1	-1	-1	-1	-1	-1	-1	3	-1	-1	-1	-1	-1	-1	3	100	-1	-1
12114320	高级炼化道具-炼坐骑-4	1	3	-1	-1	-1	-1	-1	-1	-1	-1	-1	-1	-1	-1	-1	-1	-1	-1	-1	-1	-1	-1	3	-1	-1	-1	-1	-1	-1	4	100	-1	-1
12114401	特殊类型炼化道具-炼技能-0	1	3	-1	-1	-1	-1	-1	-1	-1	-1	-1	-1	-1	-1	-1	-1	-1	-1	-1	-1	-1	-1	4	0	100	-1	-1	-1	-1	-1	-1	-1	-1
12114402	特殊类型炼化道具-炼技能-1	1	3	-1	-1	-1	-1	-1	-1	-1	-1	-1	-1	-1	-1	-1	-1	-1	-1	-1	-1	-1	-1	4	1	100	-1	-1	-1	-1	-1	-1	-1	-1
12114403	特殊类型炼化道具-炼技能-2	1	3	-1	-1	-1	-1	-1	-1	-1	-1	-1	-1	-1	-1	-1	-1	-1	-1	-1	-1	-1	-1	4	2	100	-1	-1	-1	-1	-1	-1	-1	-1
12114404	特殊类型炼化道具-炼技能-3	1	3	-1	-1	-1	-1	-1	-1	-1	-1	-1	-1	-1	-1	-1	-1	-1	-1	-1	-1	-1	-1	4	3	100	-1	-1	-1	-1	-1	-1	-1	-1
12114405	特殊类型炼化道具-炼技能-4	1	3	-1	-1	-1	-1	-1	-1	-1	-1	-1	-1	-1	-1	-1	-1	-1	-1	-1	-1	-1	-1	4	4	100	-1	-1	-1	-1	-1	-1	-1	-1
12114406	特殊类型炼化道具-炼配方-0	1	3	-1	-1	-1	-1	-1	-1	-1	-1	-1	-1	-1	-1	-1	-1	-1	-1	-1	-1	-1	-1	4	-1	-1	0	100	-1	-1	-1	-1	-1	-1
12114407	特殊类型炼化道具-炼配方-1	1	3	-1	-1	-1	-1	-1	-1	-1	-1	-1	-1	-1	-1	-1	-1	-1	-1	-1	-1	-1	-1	4	-1	-1	1	100	-1	-1	-1	-1	-1	-1
12114408	特殊类型炼化道具-炼配方-2	1	3	-1	-1	-1	-1	-1	-1	-1	-1	-1	-1	-1	-1	-1	-1	-1	-1	-1	-1	-1	-1	4	-1	-1	2	100	-1	-1	-1	-1	-1	-1
12114409	特殊类型炼化道具-炼配方-3	1	3	-1	-1	-1	-1	-1	-1	-1	-1	-1	-1	-1	-1	-1	-1	-1	-1	-1	-1	-1	-1	4	-1	-1	3	100	-1	-1	-1	-1	-1	-1
12114410	特殊类型炼化道具-炼配方-4	1	3	-1	-1	-1	-1	-1	-1	-1	-1	-1	-1	-1	-1	-1	-1	-1	-1	-1	-1	-1	-1	4	-1	-1	4	100	-1	-1	-1	-1	-1	-1
12114411	特殊类型炼化道具-炼召唤-0	1	3	-1	-1	-1	-1	-1	-1	-1	-1	-1	-1	-1	-1	-1	-1	-1	-1	-1	-1	-1	-1	4	-1	-1	-1	-1	0	100	-1	-1	-1	-1
12114412	特殊类型炼化道具-炼召唤-1	1	3	-1	-1	-1	-1	-1	-1	-1	-1	-1	-1	-1	-1	-1	-1	-1	-1	-1	-1	-1	-1	4	-1	-1	-1	-1	1	100	-1	-1	-1	-1
12114413	特殊类型炼化道具-炼召唤-2	1	3	-1	-1	-1	-1	-1	-1	-1	-1	-1	-1	-1	-1	-1	-1	-1	-1	-1	-1	-1	-1	4	-1	-1	-1	-1	2	100	-1	-1	-1	-1
12114414	特殊类型炼化道具-炼召唤-3	1	3	-1	-1	-1	-1	-1	-1	-1	-1	-1	-1	-1	-1	-1	-1	-1	-1	-1	-1	-1	-1	4	-1	-1	-1	-1	3	100	-1	-1	-1	-1
12114415	特殊类型炼化道具-炼召唤-4	1	3	-1	-1	-1	-1	-1	-1	-1	-1	-1	-1	-1	-1	-1	-1	-1	-1	-1	-1	-1	-1	4	-1	-1	-1	-1	4	100	-1	-1	-1	-1
12114416	特殊类型炼化道具-炼坐骑-0	1	3	-1	-1	-1	-1	-1	-1	-1	-1	-1	-1	-1	-1	-1	-1	-1	-1	-1	-1	-1	-1	4	-1	-1	-1	-1	-1	-1	0	100	-1	-1
12114417	特殊类型炼化道具-炼坐骑-1	1	3	-1	-1	-1	-1	-1	-1	-1	-1	-1	-1	-1	-1	-1	-1	-1	-1	-1	-1	-1	-1	4	-1	-1	-1	-1	-1	-1	1	100	-1	-1
12114418	特殊类型炼化道具-炼坐骑-2	1	3	-1	-1	-1	-1	-1	-1	-1	-1	-1	-1	-1	-1	-1	-1	-1	-1	-1	-1	-1	-1	4	-1	-1	-1	-1	-1	-1	2	100	-1	-1
12114419	特殊类型炼化道具-炼坐骑-3	1	3	-1	-1	-1	-1	-1	-1	-1	-1	-1	-1	-1	-1	-1	-1	-1	-1	-1	-1	-1	-1	4	-1	-1	-1	-1	-1	-1	3	100	-1	-1
12114420	特殊类型炼化道具-炼坐骑-4	1	3	-1	-1	-1	-1	-1	-1	-1	-1	-1	-1	-1	-1	-1	-1	-1	-1	-1	-1	-1	-1	4	-1	-1	-1	-1	-1	-1	4	100	-1	-1
12116001	缝合道具	1	4	-1	-1	-1	-1	-1	-1	-1	-1	-1	-1	-1	-1	-1	-1	-1	-1	-1	-1	-1	-1	-1	-1	-1	-1	-1	-1	-1	-1	-1	100	-1
