INT	INT	INT	INT	INT	INT	INT	INT	INT	INT	INT	INT	INT	INT	INT	INT	INT	INT	INT	INT	INT	INT	INT	INT	INT	INT	INT	INT	INT	INT	INT	INT	INT	INT	INT	INT	INT	INT	INT	INT	INT	INT	INT	INT	INT	INT	INT	INT	INT	INT	INT	INT	INT	INT	INT	INT	INT	INT	INT	INT	INT	INT	INT	INT	INT	INT	INT	INT	INT	INT	INT	INT	INT	INT	INT	INT	INT	INT	INT	INT	INT	INT	INT	INT	INT	INT	INT	INT	INT	INT	INT	INT	INT	INT	INT	INT	INT	INT	INT	INT	INT	INT	INT	INT	INT	INT	INT	INT	INT
学习等级	消耗金钱	消耗经验	消耗金钱	消耗经验	消耗金钱	消耗经验	消耗金钱	消耗经验	消耗金钱	消耗经验	消耗金钱	消耗经验	消耗金钱	消耗经验	消耗金钱	消耗经验	消耗金钱	消耗经验	消耗金钱	消耗经验	消耗金钱	消耗经验	消耗金钱	消耗经验	消耗金钱	消耗经验	消耗金钱	消耗经验	消耗金钱	消耗经验	消耗金钱	消耗经验	消耗金钱	消耗经验	消耗金钱	消耗经验	消耗金钱	消耗经验	消耗金钱	消耗经验	消耗金钱	消耗经验	消耗金钱	消耗经验	消耗金钱	消耗经验	消耗金钱	消耗经验	消耗金钱	消耗经验	消耗金钱	消耗经验	消耗金钱	消耗经验	消耗金钱	消耗经验	消耗金钱	消耗经验	消耗金钱	消耗经验	消耗金钱	消耗经验	消耗金钱	消耗经验	消耗金钱	消耗经验	消耗金钱	消耗经验	消耗金钱	消耗经验	消耗金钱	消耗经验	消耗金钱	消耗经验	消耗金钱	消耗经验	消耗金钱	消耗经验	消耗金钱	消耗经验	消耗金钱	消耗经验	消耗金钱	消耗经验	消耗金钱	消耗经验	消耗金钱	消耗经验	消耗金钱	消耗经验	消耗金钱	消耗经验	消耗金钱	消耗经验	消耗金钱	消耗经验	消耗金钱	消耗经验	消耗金钱	消耗经验	消耗金钱	消耗经验	消耗金钱	消耗经验	消耗金钱	消耗经验	消耗金钱	消耗经验
888	0	0	1	1	2	2	3	3	4	4	5	5	6	6	7	7	8	8	9	9	10	10	11	11	12	12	13	13	14	14	15	15	16	16	17	17	18	18	19	19	20	20	21	21	22	22	23	23	24	24	25	25	26	26	27	27	28	28	29	29	30	30	31	31	32	32	33	33	34	34	35	35	36	36	37	37	38	38	39	39	40	40	41	41	42	42	43	43	44	44	45	45	46	46	47	47	48	48	49	49	50	50	51	51	52	52	53	53
999	0	1	0	1	0	1	0	1	0	1	0	1	0	1	0	1	0	1	0	1	0	1	0	1	0	1	0	1	0	1	0	1	0	1	0	1	0	1	0	1	0	1	0	1	0	1	0	1	0	1	0	1	0	1	0	1	0	1	0	1	0	1	0	1	0	1	0	1	0	1	0	1	0	1	0	1	0	1	0	1	0	1	0	1	0	1	0	1	0	1	0	1	0	1	0	1	0	1	0	1	0	1	0	1	0	1	0	1
1	22	40	22	40	22	40	22	40	22	40	22	40	22	40	22	40	22	40	22	40	22	40	22	40	22	40	22	40	22	40	22	40	22	40	22	40	22	40	22	40	22	40	22	40	22	40	22	40	22	40	22	40	22	40	22	40	22	40	22	40	22	40	22	40	22	40	22	40	22	40	22	40	22	40	22	40	22	40	22	40	22	40	22	40	22	40	22	40	22	40	22	40	22	40	22	40	22	40	22	40	22	40	22	40	22	40	22	40
2	37	80	37	80	37	80	37	80	37	80	37	80	37	80	37	80	37	80	37	80	37	80	37	80	37	80	37	80	37	80	37	80	37	80	37	80	37	80	37	80	37	80	37	80	37	80	37	80	37	80	37	80	37	80	37	80	37	80	37	80	37	80	37	80	37	80	37	80	37	80	37	80	37	80	37	80	37	80	37	80	37	80	37	80	37	80	37	80	37	80	37	80	37	80	37	80	37	80	37	80	37	80	37	80	37	80	37	80
3	52	130	52	130	52	130	52	130	52	130	52	130	52	130	52	130	52	130	52	130	52	130	52	130	52	130	52	130	52	130	52	130	52	130	52	130	52	130	52	130	52	130	52	130	52	130	52	130	52	130	52	130	52	130	52	130	52	130	52	130	52	130	52	130	52	130	52	130	52	130	52	130	52	130	52	130	52	130	52	130	52	130	52	130	52	130	52	130	52	130	52	130	52	130	52	130	52	130	52	130	52	130	52	130	52	130	52	130
4	66	190	66	190	66	190	66	190	66	190	66	190	66	190	66	190	66	190	66	190	66	190	66	190	66	190	66	190	66	190	66	190	66	190	66	190	66	190	66	190	66	190	66	190	66	190	66	190	66	190	66	190	66	190	66	190	66	190	66	190	66	190	66	190	66	190	66	190	66	190	66	190	66	190	66	190	66	190	66	190	66	190	66	190	66	190	66	190	66	190	66	190	66	190	66	190	66	190	66	190	66	190	66	190	66	190	66	190
5	80	260	80	260	80	260	80	260	80	260	80	260	80	260	80	260	80	260	80	260	80	260	80	260	80	260	80	260	80	260	80	260	80	260	80	260	80	260	80	260	80	260	80	260	80	260	80	260	80	260	80	260	80	260	80	260	80	260	80	260	80	260	80	260	80	260	80	260	80	260	80	260	80	260	80	260	80	260	80	260	80	260	80	260	80	260	80	260	80	260	80	260	80	260	80	260	80	260	80	260	80	260	80	260	80	260	80	260
6	95	340	95	340	95	340	95	340	95	340	95	340	95	340	95	340	95	340	95	340	95	340	95	340	95	340	95	340	95	340	95	340	95	340	95	340	95	340	95	340	95	340	95	340	95	340	95	340	95	340	95	340	95	340	95	340	95	340	95	340	95	340	95	340	95	340	95	340	95	340	95	340	95	340	95	340	95	340	95	340	95	340	95	340	95	340	95	340	95	340	95	340	95	340	95	340	95	340	95	340	95	340	95	340	95	340	95	340
7	109	430	109	430	109	430	109	430	109	430	109	430	109	430	109	430	109	430	109	430	109	430	109	430	109	430	109	430	109	430	109	430	109	430	109	430	109	430	109	430	109	430	109	430	109	430	109	430	109	430	109	430	109	430	109	430	109	430	109	430	109	430	109	430	109	430	109	430	109	430	109	430	109	430	109	430	109	430	109	430	109	430	109	430	109	430	109	430	109	430	109	430	109	430	109	430	109	430	109	430	109	430	109	430	109	430	109	430
8	123	530	123	530	123	530	123	530	123	530	123	530	123	530	123	530	123	530	123	530	123	530	123	530	123	530	123	530	123	530	123	530	123	530	123	530	123	530	123	530	123	530	123	530	123	530	123	530	123	530	123	530	123	530	123	530	123	530	123	530	123	530	123	530	123	530	123	530	123	530	123	530	123	530	123	530	123	530	123	530	123	530	123	530	123	530	123	530	123	530	123	530	123	530	123	530	123	530	123	530	123	530	123	530	123	530	123	530
9	135	640	135	640	135	640	135	640	135	640	135	640	135	640	135	640	135	640	135	640	135	640	135	640	135	640	135	640	135	640	135	640	135	640	135	640	135	640	135	640	135	640	135	640	135	640	135	640	135	640	135	640	135	640	135	640	135	640	135	640	135	640	135	640	135	640	135	640	135	640	135	640	135	640	135	640	135	640	135	640	135	640	135	640	135	640	135	640	135	640	135	640	135	640	135	640	135	640	135	640	135	640	135	640	135	640	135	640
10	147	760	147	760	147	760	147	760	147	760	147	760	147	760	147	760	147	760	147	760	147	760	147	760	147	760	147	760	147	760	147	760	147	760	147	760	147	760	147	760	147	760	147	760	147	760	147	760	147	760	147	760	147	760	147	760	147	760	147	760	147	760	147	760	147	760	147	760	147	760	147	760	147	760	147	760	147	760	147	760	147	760	147	760	147	760	147	760	147	760	147	760	147	760	147	760	147	760	147	760	147	760	147	760	147	760	147	760
11	186	883	186	883	186	883	186	883	186	883	186	883	186	883	186	883	186	883	186	883	186	883	186	883	186	883	186	883	186	883	186	883	186	883	186	883	186	883	186	883	186	883	186	883	186	883	186	883	186	883	186	883	186	883	186	883	186	883	186	883	186	883	186	883	186	883	186	883	186	883	186	883	186	883	186	883	186	883	186	883	186	883	186	883	186	883	186	883	186	883	186	883	186	883	186	883	186	883	186	883	186	883	186	883	186	883	186	883
12	198	1012	198	1012	198	1012	198	1012	198	1012	198	1012	198	1012	198	1012	198	1012	198	1012	198	1012	198	1012	198	1012	198	1012	198	1012	198	1012	198	1012	198	1012	198	1012	198	1012	198	1012	198	1012	198	1012	198	1012	198	1012	198	1012	198	1012	198	1012	198	1012	198	1012	198	1012	198	1012	198	1012	198	1012	198	1012	198	1012	198	1012	198	1012	198	1012	198	1012	198	1012	198	1012	198	1012	198	1012	198	1012	198	1012	198	1012	198	1012	198	1012	198	1012	198	1012	198	1012	198	1012	198	1012
13	210	1150	210	1150	210	1150	210	1150	210	1150	210	1150	210	1150	210	1150	210	1150	210	1150	210	1150	210	1150	210	1150	210	1150	210	1150	210	1150	210	1150	210	1150	210	1150	210	1150	210	1150	210	1150	210	1150	210	1150	210	1150	210	1150	210	1150	210	1150	210	1150	210	1150	210	1150	210	1150	210	1150	210	1150	210	1150	210	1150	210	1150	210	1150	210	1150	210	1150	210	1150	210	1150	210	1150	210	1150	210	1150	210	1150	210	1150	210	1150	210	1150	210	1150	210	1150	210	1150	210	1150	210	1150
14	223	1300	223	1300	223	1300	223	1300	223	1300	223	1300	223	1300	223	1300	223	1300	223	1300	223	1300	223	1300	223	1300	223	1300	223	1300	223	1300	223	1300	223	1300	223	1300	223	1300	223	1300	223	1300	223	1300	223	1300	223	1300	223	1300	223	1300	223	1300	223	1300	223	1300	223	1300	223	1300	223	1300	223	1300	223	1300	223	1300	223	1300	223	1300	223	1300	223	1300	223	1300	223	1300	223	1300	223	1300	223	1300	223	1300	223	1300	223	1300	223	1300	223	1300	223	1300	223	1300	223	1300	223	1300
15	236	1465	236	1465	236	1465	236	1465	236	1465	236	1465	236	1465	236	1465	236	1465	236	1465	236	1465	236	1465	236	1465	236	1465	236	1465	236	1465	236	1465	236	1465	236	1465	236	1465	236	1465	236	1465	236	1465	236	1465	236	1465	236	1465	236	1465	236	1465	236	1465	236	1465	236	1465	236	1465	236	1465	236	1465	236	1465	236	1465	236	1465	236	1465	236	1465	236	1465	236	1465	236	1465	236	1465	236	1465	236	1465	236	1465	236	1465	236	1465	236	1465	236	1465	236	1465	236	1465	236	1465	236	1465
16	251	1648	251	1648	251	1648	251	1648	251	1648	251	1648	251	1648	251	1648	251	1648	251	1648	251	1648	251	1648	251	1648	251	1648	251	1648	251	1648	251	1648	251	1648	251	1648	251	1648	251	1648	251	1648	251	1648	251	1648	251	1648	251	1648	251	1648	251	1648	251	1648	251	1648	251	1648	251	1648	251	1648	251	1648	251	1648	251	1648	251	1648	251	1648	251	1648	251	1648	251	1648	251	1648	251	1648	251	1648	251	1648	251	1648	251	1648	251	1648	251	1648	251	1648	251	1648	251	1648	251	1648	251	1648
17	268	1852	268	1852	268	1852	268	1852	268	1852	268	1852	268	1852	268	1852	268	1852	268	1852	268	1852	268	1852	268	1852	268	1852	268	1852	268	1852	268	1852	268	1852	268	1852	268	1852	268	1852	268	1852	268	1852	268	1852	268	1852	268	1852	268	1852	268	1852	268	1852	268	1852	268	1852	268	1852	268	1852	268	1852	268	1852	268	1852	268	1852	268	1852	268	1852	268	1852	268	1852	268	1852	268	1852	268	1852	268	1852	268	1852	268	1852	268	1852	268	1852	268	1852	268	1852	268	1852	268	1852	268	1852
18	286	2080	286	2080	286	2080	286	2080	286	2080	286	2080	286	2080	286	2080	286	2080	286	2080	286	2080	286	2080	286	2080	286	2080	286	2080	286	2080	286	2080	286	2080	286	2080	286	2080	286	2080	286	2080	286	2080	286	2080	286	2080	286	2080	286	2080	286	2080	286	2080	286	2080	286	2080	286	2080	286	2080	286	2080	286	2080	286	2080	286	2080	286	2080	286	2080	286	2080	286	2080	286	2080	286	2080	286	2080	286	2080	286	2080	286	2080	286	2080	286	2080	286	2080	286	2080	286	2080	286	2080	286	2080
19	305	2335	305	2335	305	2335	305	2335	305	2335	305	2335	305	2335	305	2335	305	2335	305	2335	305	2335	305	2335	305	2335	305	2335	305	2335	305	2335	305	2335	305	2335	305	2335	305	2335	305	2335	305	2335	305	2335	305	2335	305	2335	305	2335	305	2335	305	2335	305	2335	305	2335	305	2335	305	2335	305	2335	305	2335	305	2335	305	2335	305	2335	305	2335	305	2335	305	2335	305	2335	305	2335	305	2335	305	2335	305	2335	305	2335	305	2335	305	2335	305	2335	305	2335	305	2335	305	2335	305	2335	305	2335
20	327	2620	327	2620	327	2620	327	2620	327	2620	327	2620	327	2620	327	2620	327	2620	327	2620	327	2620	327	2620	327	2620	327	2620	327	2620	327	2620	327	2620	327	2620	327	2620	327	2620	327	2620	327	2620	327	2620	327	2620	327	2620	327	2620	327	2620	327	2620	327	2620	327	2620	327	2620	327	2620	327	2620	327	2620	327	2620	327	2620	327	2620	327	2620	327	2620	327	2620	327	2620	327	2620	327	2620	327	2620	327	2620	327	2620	327	2620	327	2620	327	2620	327	2620	327	2620	327	2620	327	2620	327	2620
21	425	2938	425	2938	425	2938	425	2938	425	2938	425	2938	425	2938	425	2938	425	2938	425	2938	425	2938	425	2938	425	2938	425	2938	425	2938	425	2938	425	2938	425	2938	425	2938	425	2938	425	2938	425	2938	425	2938	425	2938	425	2938	425	2938	425	2938	425	2938	425	2938	425	2938	425	2938	425	2938	425	2938	425	2938	425	2938	425	2938	425	2938	425	2938	425	2938	425	2938	425	2938	425	2938	425	2938	425	2938	425	2938	425	2938	425	2938	425	2938	425	2938	425	2938	425	2938	425	2938	425	2938	425	2938
22	457	3292	457	3292	457	3292	457	3292	457	3292	457	3292	457	3292	457	3292	457	3292	457	3292	457	3292	457	3292	457	3292	457	3292	457	3292	457	3292	457	3292	457	3292	457	3292	457	3292	457	3292	457	3292	457	3292	457	3292	457	3292	457	3292	457	3292	457	3292	457	3292	457	3292	457	3292	457	3292	457	3292	457	3292	457	3292	457	3292	457	3292	457	3292	457	3292	457	3292	457	3292	457	3292	457	3292	457	3292	457	3292	457	3292	457	3292	457	3292	457	3292	457	3292	457	3292	457	3292	457	3292	457	3292
23	488	3685	488	3685	488	3685	488	3685	488	3685	488	3685	488	3685	488	3685	488	3685	488	3685	488	3685	488	3685	488	3685	488	3685	488	3685	488	3685	488	3685	488	3685	488	3685	488	3685	488	3685	488	3685	488	3685	488	3685	488	3685	488	3685	488	3685	488	3685	488	3685	488	3685	488	3685	488	3685	488	3685	488	3685	488	3685	488	3685	488	3685	488	3685	488	3685	488	3685	488	3685	488	3685	488	3685	488	3685	488	3685	488	3685	488	3685	488	3685	488	3685	488	3685	488	3685	488	3685	488	3685	488	3685
24	521	4120	521	4120	521	4120	521	4120	521	4120	521	4120	521	4120	521	4120	521	4120	521	4120	521	4120	521	4120	521	4120	521	4120	521	4120	521	4120	521	4120	521	4120	521	4120	521	4120	521	4120	521	4120	521	4120	521	4120	521	4120	521	4120	521	4120	521	4120	521	4120	521	4120	521	4120	521	4120	521	4120	521	4120	521	4120	521	4120	521	4120	521	4120	521	4120	521	4120	521	4120	521	4120	521	4120	521	4120	521	4120	521	4120	521	4120	521	4120	521	4120	521	4120	521	4120	521	4120	521	4120	521	4120
25	557	4600	557	4600	557	4600	557	4600	557	4600	557	4600	557	4600	557	4600	557	4600	557	4600	557	4600	557	4600	557	4600	557	4600	557	4600	557	4600	557	4600	557	4600	557	4600	557	4600	557	4600	557	4600	557	4600	557	4600	557	4600	557	4600	557	4600	557	4600	557	4600	557	4600	557	4600	557	4600	557	4600	557	4600	557	4600	557	4600	557	4600	557	4600	557	4600	557	4600	557	4600	557	4600	557	4600	557	4600	557	4600	557	4600	557	4600	557	4600	557	4600	557	4600	557	4600	557	4600	557	4600	557	4600
26	596	5128	596	5128	596	5128	596	5128	596	5128	596	5128	596	5128	596	5128	596	5128	596	5128	596	5128	596	5128	596	5128	596	5128	596	5128	596	5128	596	5128	596	5128	596	5128	596	5128	596	5128	596	5128	596	5128	596	5128	596	5128	596	5128	596	5128	596	5128	596	5128	596	5128	596	5128	596	5128	596	5128	596	5128	596	5128	596	5128	596	5128	596	5128	596	5128	596	5128	596	5128	596	5128	596	5128	596	5128	596	5128	596	5128	596	5128	596	5128	596	5128	596	5128	596	5128	596	5128	596	5128	596	5128
27	637	5707	637	5707	637	5707	637	5707	637	5707	637	5707	637	5707	637	5707	637	5707	637	5707	637	5707	637	5707	637	5707	637	5707	637	5707	637	5707	637	5707	637	5707	637	5707	637	5707	637	5707	637	5707	637	5707	637	5707	637	5707	637	5707	637	5707	637	5707	637	5707	637	5707	637	5707	637	5707	637	5707	637	5707	637	5707	637	5707	637	5707	637	5707	637	5707	637	5707	637	5707	637	5707	637	5707	637	5707	637	5707	637	5707	637	5707	637	5707	637	5707	637	5707	637	5707	637	5707	637	5707	637	5707
28	681	6340	681	6340	681	6340	681	6340	681	6340	681	6340	681	6340	681	6340	681	6340	681	6340	681	6340	681	6340	681	6340	681	6340	681	6340	681	6340	681	6340	681	6340	681	6340	681	6340	681	6340	681	6340	681	6340	681	6340	681	6340	681	6340	681	6340	681	6340	681	6340	681	6340	681	6340	681	6340	681	6340	681	6340	681	6340	681	6340	681	6340	681	6340	681	6340	681	6340	681	6340	681	6340	681	6340	681	6340	681	6340	681	6340	681	6340	681	6340	681	6340	681	6340	681	6340	681	6340	681	6340	681	6340
29	728	7030	728	7030	728	7030	728	7030	728	7030	728	7030	728	7030	728	7030	728	7030	728	7030	728	7030	728	7030	728	7030	728	7030	728	7030	728	7030	728	7030	728	7030	728	7030	728	7030	728	7030	728	7030	728	7030	728	7030	728	7030	728	7030	728	7030	728	7030	728	7030	728	7030	728	7030	728	7030	728	7030	728	7030	728	7030	728	7030	728	7030	728	7030	728	7030	728	7030	728	7030	728	7030	728	7030	728	7030	728	7030	728	7030	728	7030	728	7030	728	7030	728	7030	728	7030	728	7030	728	7030	728	7030
30	778	7780	778	7780	778	7780	778	7780	778	7780	778	7780	778	7780	778	7780	778	7780	778	7780	778	7780	778	7780	778	7780	778	7780	778	7780	778	7780	778	7780	778	7780	778	7780	778	7780	778	7780	778	7780	778	7780	778	7780	778	7780	778	7780	778	7780	778	7780	778	7780	778	7780	778	7780	778	7780	778	7780	778	7780	778	7780	778	7780	778	7780	778	7780	778	7780	778	7780	778	7780	778	7780	778	7780	778	7780	778	7780	778	7780	778	7780	778	7780	778	7780	778	7780	778	7780	778	7780	778	7780	778	7780
31	1017	8593	1017	8593	1017	8593	1017	8593	1017	8593	1017	8593	1017	8593	1017	8593	1017	8593	1017	8593	1017	8593	1017	8593	1017	8593	1017	8593	1017	8593	1017	8593	1017	8593	1017	8593	1017	8593	1017	8593	1017	8593	1017	8593	1017	8593	1017	8593	1017	8593	1017	8593	1017	8593	1017	8593	1017	8593	1017	8593	1017	8593	1017	8593	1017	8593	1017	8593	1017	8593	1017	8593	1017	8593	1017	8593	1017	8593	1017	8593	1017	8593	1017	8593	1017	8593	1017	8593	1017	8593	1017	8593	1017	8593	1017	8593	1017	8593	1017	8593	1017	8593	1017	8593	1017	8593	1017	8593
32	1084	9472	1084	9472	1084	9472	1084	9472	1084	9472	1084	9472	1084	9472	1084	9472	1084	9472	1084	9472	1084	9472	1084	9472	1084	9472	1084	9472	1084	9472	1084	9472	1084	9472	1084	9472	1084	9472	1084	9472	1084	9472	1084	9472	1084	9472	1084	9472	1084	9472	1084	9472	1084	9472	1084	9472	1084	9472	1084	9472	1084	9472	1084	9472	1084	9472	1084	9472	1084	9472	1084	9472	1084	9472	1084	9472	1084	9472	1084	9472	1084	9472	1084	9472	1084	9472	1084	9472	1084	9472	1084	9472	1084	9472	1084	9472	1084	9472	1084	9472	1084	9472	1084	9472	1084	9472	1084	9472
33	1155	10420	1155	10420	1155	10420	1155	10420	1155	10420	1155	10420	1155	10420	1155	10420	1155	10420	1155	10420	1155	10420	1155	10420	1155	10420	1155	10420	1155	10420	1155	10420	1155	10420	1155	10420	1155	10420	1155	10420	1155	10420	1155	10420	1155	10420	1155	10420	1155	10420	1155	10420	1155	10420	1155	10420	1155	10420	1155	10420	1155	10420	1155	10420	1155	10420	1155	10420	1155	10420	1155	10420	1155	10420	1155	10420	1155	10420	1155	10420	1155	10420	1155	10420	1155	10420	1155	10420	1155	10420	1155	10420	1155	10420	1155	10420	1155	10420	1155	10420	1155	10420	1155	10420	1155	10420	1155	10420
34	1229	11440	1229	11440	1229	11440	1229	11440	1229	11440	1229	11440	1229	11440	1229	11440	1229	11440	1229	11440	1229	11440	1229	11440	1229	11440	1229	11440	1229	11440	1229	11440	1229	11440	1229	11440	1229	11440	1229	11440	1229	11440	1229	11440	1229	11440	1229	11440	1229	11440	1229	11440	1229	11440	1229	11440	1229	11440	1229	11440	1229	11440	1229	11440	1229	11440	1229	11440	1229	11440	1229	11440	1229	11440	1229	11440	1229	11440	1229	11440	1229	11440	1229	11440	1229	11440	1229	11440	1229	11440	1229	11440	1229	11440	1229	11440	1229	11440	1229	11440	1229	11440	1229	11440	1229	11440	1229	11440
35	1306	12535	1306	12535	1306	12535	1306	12535	1306	12535	1306	12535	1306	12535	1306	12535	1306	12535	1306	12535	1306	12535	1306	12535	1306	12535	1306	12535	1306	12535	1306	12535	1306	12535	1306	12535	1306	12535	1306	12535	1306	12535	1306	12535	1306	12535	1306	12535	1306	12535	1306	12535	1306	12535	1306	12535	1306	12535	1306	12535	1306	12535	1306	12535	1306	12535	1306	12535	1306	12535	1306	12535	1306	12535	1306	12535	1306	12535	1306	12535	1306	12535	1306	12535	1306	12535	1306	12535	1306	12535	1306	12535	1306	12535	1306	12535	1306	12535	1306	12535	1306	12535	1306	12535	1306	12535	1306	12535
36	1387	13708	1387	13708	1387	13708	1387	13708	1387	13708	1387	13708	1387	13708	1387	13708	1387	13708	1387	13708	1387	13708	1387	13708	1387	13708	1387	13708	1387	13708	1387	13708	1387	13708	1387	13708	1387	13708	1387	13708	1387	13708	1387	13708	1387	13708	1387	13708	1387	13708	1387	13708	1387	13708	1387	13708	1387	13708	1387	13708	1387	13708	1387	13708	1387	13708	1387	13708	1387	13708	1387	13708	1387	13708	1387	13708	1387	13708	1387	13708	1387	13708	1387	13708	1387	13708	1387	13708	1387	13708	1387	13708	1387	13708	1387	13708	1387	13708	1387	13708	1387	13708	1387	13708	1387	13708	1387	13708
37	1472	14962	1472	14962	1472	14962	1472	14962	1472	14962	1472	14962	1472	14962	1472	14962	1472	14962	1472	14962	1472	14962	1472	14962	1472	14962	1472	14962	1472	14962	1472	14962	1472	14962	1472	14962	1472	14962	1472	14962	1472	14962	1472	14962	1472	14962	1472	14962	1472	14962	1472	14962	1472	14962	1472	14962	1472	14962	1472	14962	1472	14962	1472	14962	1472	14962	1472	14962	1472	14962	1472	14962	1472	14962	1472	14962	1472	14962	1472	14962	1472	14962	1472	14962	1472	14962	1472	14962	1472	14962	1472	14962	1472	14962	1472	14962	1472	14962	1472	14962	1472	14962	1472	14962	1472	14962	1472	14962
38	1559	16300	1559	16300	1559	16300	1559	16300	1559	16300	1559	16300	1559	16300	1559	16300	1559	16300	1559	16300	1559	16300	1559	16300	1559	16300	1559	16300	1559	16300	1559	16300	1559	16300	1559	16300	1559	16300	1559	16300	1559	16300	1559	16300	1559	16300	1559	16300	1559	16300	1559	16300	1559	16300	1559	16300	1559	16300	1559	16300	1559	16300	1559	16300	1559	16300	1559	16300	1559	16300	1559	16300	1559	16300	1559	16300	1559	16300	1559	16300	1559	16300	1559	16300	1559	16300	1559	16300	1559	16300	1559	16300	1559	16300	1559	16300	1559	16300	1559	16300	1559	16300	1559	16300	1559	16300	1559	16300
39	1651	17725	1651	17725	1651	17725	1651	17725	1651	17725	1651	17725	1651	17725	1651	17725	1651	17725	1651	17725	1651	17725	1651	17725	1651	17725	1651	17725	1651	17725	1651	17725	1651	17725	1651	17725	1651	17725	1651	17725	1651	17725	1651	17725	1651	17725	1651	17725	1651	17725	1651	17725	1651	17725	1651	17725	1651	17725	1651	17725	1651	17725	1651	17725	1651	17725	1651	17725	1651	17725	1651	17725	1651	17725	1651	17725	1651	17725	1651	17725	1651	17725	1651	17725	1651	17725	1651	17725	1651	17725	1651	17725	1651	17725	1651	17725	1651	17725	1651	17725	1651	17725	1651	17725	1651	17725	1651	17725
40	1745	19240	1745	19240	1745	19240	1745	19240	1745	19240	1745	19240	1745	19240	1745	19240	1745	19240	1745	19240	1745	19240	1745	19240	1745	19240	1745	19240	1745	19240	1745	19240	1745	19240	1745	19240	1745	19240	1745	19240	1745	19240	1745	19240	1745	19240	1745	19240	1745	19240	1745	19240	1745	19240	1745	19240	1745	19240	1745	19240	1745	19240	1745	19240	1745	19240	1745	19240	1745	19240	1745	19240	1745	19240	1745	19240	1745	19240	1745	19240	1745	19240	1745	19240	1745	19240	1745	19240	1745	19240	1745	19240	1745	19240	1745	19240	1745	19240	1745	19240	1745	19240	1745	19240	1745	19240	1745	19240
41	2333	20848	2333	20848	2333	20848	2333	20848	2333	20848	2333	20848	2333	20848	2333	20848	2333	20848	2333	20848	2333	20848	2333	20848	2333	20848	2333	20848	2333	20848	2333	20848	2333	20848	2333	20848	2333	20848	2333	20848	2333	20848	2333	20848	2333	20848	2333	20848	2333	20848	2333	20848	2333	20848	2333	20848	2333	20848	2333	20848	2333	20848	2333	20848	2333	20848	2333	20848	2333	20848	2333	20848	2333	20848	2333	20848	2333	20848	2333	20848	2333	20848	2333	20848	2333	20848	2333	20848	2333	20848	2333	20848	2333	20848	2333	20848	2333	20848	2333	20848	2333	20848	2333	20848	2333	20848	2333	20848
42	2461	22552	2461	22552	2461	22552	2461	22552	2461	22552	2461	22552	2461	22552	2461	22552	2461	22552	2461	22552	2461	22552	2461	22552	2461	22552	2461	22552	2461	22552	2461	22552	2461	22552	2461	22552	2461	22552	2461	22552	2461	22552	2461	22552	2461	22552	2461	22552	2461	22552	2461	22552	2461	22552	2461	22552	2461	22552	2461	22552	2461	22552	2461	22552	2461	22552	2461	22552	2461	22552	2461	22552	2461	22552	2461	22552	2461	22552	2461	22552	2461	22552	2461	22552	2461	22552	2461	22552	2461	22552	2461	22552	2461	22552	2461	22552	2461	22552	2461	22552	2461	22552	2461	22552	2461	22552	2461	22552
43	2594	24355	2594	24355	2594	24355	2594	24355	2594	24355	2594	24355	2594	24355	2594	24355	2594	24355	2594	24355	2594	24355	2594	24355	2594	24355	2594	24355	2594	24355	2594	24355	2594	24355	2594	24355	2594	24355	2594	24355	2594	24355	2594	24355	2594	24355	2594	24355	2594	24355	2594	24355	2594	24355	2594	24355	2594	24355	2594	24355	2594	24355	2594	24355	2594	24355	2594	24355	2594	24355	2594	24355	2594	24355	2594	24355	2594	24355	2594	24355	2594	24355	2594	24355	2594	24355	2594	24355	2594	24355	2594	24355	2594	24355	2594	24355	2594	24355	2594	24355	2594	24355	2594	24355	2594	24355	2594	24355
44	2731	26260	2731	26260	2731	26260	2731	26260	2731	26260	2731	26260	2731	26260	2731	26260	2731	26260	2731	26260	2731	26260	2731	26260	2731	26260	2731	26260	2731	26260	2731	26260	2731	26260	2731	26260	2731	26260	2731	26260	2731	26260	2731	26260	2731	26260	2731	26260	2731	26260	2731	26260	2731	26260	2731	26260	2731	26260	2731	26260	2731	26260	2731	26260	2731	26260	2731	26260	2731	26260	2731	26260	2731	26260	2731	26260	2731	26260	2731	26260	2731	26260	2731	26260	2731	26260	2731	26260	2731	26260	2731	26260	2731	26260	2731	26260	2731	26260	2731	26260	2731	26260	2731	26260	2731	26260	2731	26260
45	2873	28270	2873	28270	2873	28270	2873	28270	2873	28270	2873	28270	2873	28270	2873	28270	2873	28270	2873	28270	2873	28270	2873	28270	2873	28270	2873	28270	2873	28270	2873	28270	2873	28270	2873	28270	2873	28270	2873	28270	2873	28270	2873	28270	2873	28270	2873	28270	2873	28270	2873	28270	2873	28270	2873	28270	2873	28270	2873	28270	2873	28270	2873	28270	2873	28270	2873	28270	2873	28270	2873	28270	2873	28270	2873	28270	2873	28270	2873	28270	2873	28270	2873	28270	2873	28270	2873	28270	2873	28270	2873	28270	2873	28270	2873	28270	2873	28270	2873	28270	2873	28270	2873	28270	2873	28270	2873	28270
46	3019	30388	3019	30388	3019	30388	3019	30388	3019	30388	3019	30388	3019	30388	3019	30388	3019	30388	3019	30388	3019	30388	3019	30388	3019	30388	3019	30388	3019	30388	3019	30388	3019	30388	3019	30388	3019	30388	3019	30388	3019	30388	3019	30388	3019	30388	3019	30388	3019	30388	3019	30388	3019	30388	3019	30388	3019	30388	3019	30388	3019	30388	3019	30388	3019	30388	3019	30388	3019	30388	3019	30388	3019	30388	3019	30388	3019	30388	3019	30388	3019	30388	3019	30388	3019	30388	3019	30388	3019	30388	3019	30388	3019	30388	3019	30388	3019	30388	3019	30388	3019	30388	3019	30388	3019	30388	3019	30388
47	3169	32617	3169	32617	3169	32617	3169	32617	3169	32617	3169	32617	3169	32617	3169	32617	3169	32617	3169	32617	3169	32617	3169	32617	3169	32617	3169	32617	3169	32617	3169	32617	3169	32617	3169	32617	3169	32617	3169	32617	3169	32617	3169	32617	3169	32617	3169	32617	3169	32617	3169	32617	3169	32617	3169	32617	3169	32617	3169	32617	3169	32617	3169	32617	3169	32617	3169	32617	3169	32617	3169	32617	3169	32617	3169	32617	3169	32617	3169	32617	3169	32617	3169	32617	3169	32617	3169	32617	3169	32617	3169	32617	3169	32617	3169	32617	3169	32617	3169	32617	3169	32617	3169	32617	3169	32617	3169	32617
48	3314	34960	3314	34960	3314	34960	3314	34960	3314	34960	3314	34960	3314	34960	3314	34960	3314	34960	3314	34960	3314	34960	3314	34960	3314	34960	3314	34960	3314	34960	3314	34960	3314	34960	3314	34960	3314	34960	3314	34960	3314	34960	3314	34960	3314	34960	3314	34960	3314	34960	3314	34960	3314	34960	3314	34960	3314	34960	3314	34960	3314	34960	3314	34960	3314	34960	3314	34960	3314	34960	3314	34960	3314	34960	3314	34960	3314	34960	3314	34960	3314	34960	3314	34960	3314	34960	3314	34960	3314	34960	3314	34960	3314	34960	3314	34960	3314	34960	3314	34960	3314	34960	3314	34960	3314	34960	3314	34960
49	3462	37420	3462	37420	3462	37420	3462	37420	3462	37420	3462	37420	3462	37420	3462	37420	3462	37420	3462	37420	3462	37420	3462	37420	3462	37420	3462	37420	3462	37420	3462	37420	3462	37420	3462	37420	3462	37420	3462	37420	3462	37420	3462	37420	3462	37420	3462	37420	3462	37420	3462	37420	3462	37420	3462	37420	3462	37420	3462	37420	3462	37420	3462	37420	3462	37420	3462	37420	3462	37420	3462	37420	3462	37420	3462	37420	3462	37420	3462	37420	3462	37420	3462	37420	3462	37420	3462	37420	3462	37420	3462	37420	3462	37420	3462	37420	3462	37420	3462	37420	3462	37420	3462	37420	3462	37420	3462	37420
50	3615	40000	3615	40000	3615	40000	3615	40000	3615	40000	3615	40000	3615	40000	3615	40000	3615	40000	3615	40000	3615	40000	3615	40000	3615	40000	3615	40000	3615	40000	3615	40000	3615	40000	3615	40000	3615	40000	3615	40000	3615	40000	3615	40000	3615	40000	3615	40000	3615	40000	3615	40000	3615	40000	3615	40000	3615	40000	3615	40000	3615	40000	3615	40000	3615	40000	3615	40000	3615	40000	3615	40000	3615	40000	3615	40000	3615	40000	3615	40000	3615	40000	3615	40000	3615	40000	3615	40000	3615	40000	3615	40000	3615	40000	3615	40000	3615	40000	3615	40000	3615	40000	3615	40000	3615	40000	3615	40000
51	4805	42703	4805	42703	4805	42703	4805	42703	4805	42703	4805	42703	4805	42703	4805	42703	4805	42703	4805	42703	4805	42703	4805	42703	4805	42703	4805	42703	4805	42703	4805	42703	4805	42703	4805	42703	4805	42703	4805	42703	4805	42703	4805	42703	4805	42703	4805	42703	4805	42703	4805	42703	4805	42703	4805	42703	4805	42703	4805	42703	4805	42703	4805	42703	4805	42703	4805	42703	4805	42703	4805	42703	4805	42703	4805	42703	4805	42703	4805	42703	4805	42703	4805	42703	4805	42703	4805	42703	4805	42703	4805	42703	4805	42703	4805	42703	4805	42703	4805	42703	4805	42703	4805	42703	4805	42703	4805	42703
52	5009	45532	5009	45532	5009	45532	5009	45532	5009	45532	5009	45532	5009	45532	5009	45532	5009	45532	5009	45532	5009	45532	5009	45532	5009	45532	5009	45532	5009	45532	5009	45532	5009	45532	5009	45532	5009	45532	5009	45532	5009	45532	5009	45532	5009	45532	5009	45532	5009	45532	5009	45532	5009	45532	5009	45532	5009	45532	5009	45532	5009	45532	5009	45532	5009	45532	5009	45532	5009	45532	5009	45532	5009	45532	5009	45532	5009	45532	5009	45532	5009	45532	5009	45532	5009	45532	5009	45532	5009	45532	5009	45532	5009	45532	5009	45532	5009	45532	5009	45532	5009	45532	5009	45532	5009	45532	5009	45532
53	5218	48490	5218	48490	5218	48490	5218	48490	5218	48490	5218	48490	5218	48490	5218	48490	5218	48490	5218	48490	5218	48490	5218	48490	5218	48490	5218	48490	5218	48490	5218	48490	5218	48490	5218	48490	5218	48490	5218	48490	5218	48490	5218	48490	5218	48490	5218	48490	5218	48490	5218	48490	5218	48490	5218	48490	5218	48490	5218	48490	5218	48490	5218	48490	5218	48490	5218	48490	5218	48490	5218	48490	5218	48490	5218	48490	5218	48490	5218	48490	5218	48490	5218	48490	5218	48490	5218	48490	5218	48490	5218	48490	5218	48490	5218	48490	5218	48490	5218	48490	5218	48490	5218	48490	5218	48490	5218	48490
54	5433	51580	5433	51580	5433	51580	5433	51580	5433	51580	5433	51580	5433	51580	5433	51580	5433	51580	5433	51580	5433	51580	5433	51580	5433	51580	5433	51580	5433	51580	5433	51580	5433	51580	5433	51580	5433	51580	5433	51580	5433	51580	5433	51580	5433	51580	5433	51580	5433	51580	5433	51580	5433	51580	5433	51580	5433	51580	5433	51580	5433	51580	5433	51580	5433	51580	5433	51580	5433	51580	5433	51580	5433	51580	5433	51580	5433	51580	5433	51580	5433	51580	5433	51580	5433	51580	5433	51580	5433	51580	5433	51580	5433	51580	5433	51580	5433	51580	5433	51580	5433	51580	5433	51580	5433	51580	5433	51580
55	5652	54805	5652	54805	5652	54805	5652	54805	5652	54805	5652	54805	5652	54805	5652	54805	5652	54805	5652	54805	5652	54805	5652	54805	5652	54805	5652	54805	5652	54805	5652	54805	5652	54805	5652	54805	5652	54805	5652	54805	5652	54805	5652	54805	5652	54805	5652	54805	5652	54805	5652	54805	5652	54805	5652	54805	5652	54805	5652	54805	5652	54805	5652	54805	5652	54805	5652	54805	5652	54805	5652	54805	5652	54805	5652	54805	5652	54805	5652	54805	5652	54805	5652	54805	5652	54805	5652	54805	5652	54805	5652	54805	5652	54805	5652	54805	5652	54805	5652	54805	5652	54805	5652	54805	5652	54805	5652	54805
56	7438	58168	7438	58168	7438	58168	7438	58168	7438	58168	7438	58168	7438	58168	7438	58168	7438	58168	7438	58168	7438	58168	7438	58168	7438	58168	7438	58168	7438	58168	7438	58168	7438	58168	7438	58168	7438	58168	7438	58168	7438	58168	7438	58168	7438	58168	7438	58168	7438	58168	7438	58168	7438	58168	7438	58168	7438	58168	7438	58168	7438	58168	7438	58168	7438	58168	7438	58168	7438	58168	7438	58168	7438	58168	7438	58168	7438	58168	7438	58168	7438	58168	7438	58168	7438	58168	7438	58168	7438	58168	7438	58168	7438	58168	7438	58168	7438	58168	7438	58168	7438	58168	7438	58168	7438	58168	7438	58168
57	7728	61672	7728	61672	7728	61672	7728	61672	7728	61672	7728	61672	7728	61672	7728	61672	7728	61672	7728	61672	7728	61672	7728	61672	7728	61672	7728	61672	7728	61672	7728	61672	7728	61672	7728	61672	7728	61672	7728	61672	7728	61672	7728	61672	7728	61672	7728	61672	7728	61672	7728	61672	7728	61672	7728	61672	7728	61672	7728	61672	7728	61672	7728	61672	7728	61672	7728	61672	7728	61672	7728	61672	7728	61672	7728	61672	7728	61672	7728	61672	7728	61672	7728	61672	7728	61672	7728	61672	7728	61672	7728	61672	7728	61672	7728	61672	7728	61672	7728	61672	7728	61672	7728	61672	7728	61672	7728	61672
58	8024	65320	8024	65320	8024	65320	8024	65320	8024	65320	8024	65320	8024	65320	8024	65320	8024	65320	8024	65320	8024	65320	8024	65320	8024	65320	8024	65320	8024	65320	8024	65320	8024	65320	8024	65320	8024	65320	8024	65320	8024	65320	8024	65320	8024	65320	8024	65320	8024	65320	8024	65320	8024	65320	8024	65320	8024	65320	8024	65320	8024	65320	8024	65320	8024	65320	8024	65320	8024	65320	8024	65320	8024	65320	8024	65320	8024	65320	8024	65320	8024	65320	8024	65320	8024	65320	8024	65320	8024	65320	8024	65320	8024	65320	8024	65320	8024	65320	8024	65320	8024	65320	8024	65320	8024	65320	8024	65320
59	8327	69115	8327	69115	8327	69115	8327	69115	8327	69115	8327	69115	8327	69115	8327	69115	8327	69115	8327	69115	8327	69115	8327	69115	8327	69115	8327	69115	8327	69115	8327	69115	8327	69115	8327	69115	8327	69115	8327	69115	8327	69115	8327	69115	8327	69115	8327	69115	8327	69115	8327	69115	8327	69115	8327	69115	8327	69115	8327	69115	8327	69115	8327	69115	8327	69115	8327	69115	8327	69115	8327	69115	8327	69115	8327	69115	8327	69115	8327	69115	8327	69115	8327	69115	8327	69115	8327	69115	8327	69115	8327	69115	8327	69115	8327	69115	8327	69115	8327	69115	8327	69115	8327	69115	8327	69115	8327	69115
60	8635	73060	8635	73060	8635	73060	8635	73060	8635	73060	8635	73060	8635	73060	8635	73060	8635	73060	8635	73060	8635	73060	8635	73060	8635	73060	8635	73060	8635	73060	8635	73060	8635	73060	8635	73060	8635	73060	8635	73060	8635	73060	8635	73060	8635	73060	8635	73060	8635	73060	8635	73060	8635	73060	8635	73060	8635	73060	8635	73060	8635	73060	8635	73060	8635	73060	8635	73060	8635	73060	8635	73060	8635	73060	8635	73060	8635	73060	8635	73060	8635	73060	8635	73060	8635	73060	8635	73060	8635	73060	8635	73060	8635	73060	8635	73060	8635	73060	8635	73060	8635	73060	8635	73060	8635	73060	8635	73060
61	11367	77158	11367	77158	11367	77158	11367	77158	11367	77158	11367	77158	11367	77158	11367	77158	11367	77158	11367	77158	11367	77158	11367	77158	11367	77158	11367	77158	11367	77158	11367	77158	11367	77158	11367	77158	11367	77158	11367	77158	11367	77158	11367	77158	11367	77158	11367	77158	11367	77158	11367	77158	11367	77158	11367	77158	11367	77158	11367	77158	11367	77158	11367	77158	11367	77158	11367	77158	11367	77158	11367	77158	11367	77158	11367	77158	11367	77158	11367	77158	11367	77158	11367	77158	11367	77158	11367	77158	11367	77158	11367	77158	11367	77158	11367	77158	11367	77158	11367	77158	11367	77158	11367	77158	11367	77158	11367	77158
62	11775	81412	11775	81412	11775	81412	11775	81412	11775	81412	11775	81412	11775	81412	11775	81412	11775	81412	11775	81412	11775	81412	11775	81412	11775	81412	11775	81412	11775	81412	11775	81412	11775	81412	11775	81412	11775	81412	11775	81412	11775	81412	11775	81412	11775	81412	11775	81412	11775	81412	11775	81412	11775	81412	11775	81412	11775	81412	11775	81412	11775	81412	11775	81412	11775	81412	11775	81412	11775	81412	11775	81412	11775	81412	11775	81412	11775	81412	11775	81412	11775	81412	11775	81412	11775	81412	11775	81412	11775	81412	11775	81412	11775	81412	11775	81412	11775	81412	11775	81412	11775	81412	11775	81412	11775	81412	11775	81412
63	12192	85825	12192	85825	12192	85825	12192	85825	12192	85825	12192	85825	12192	85825	12192	85825	12192	85825	12192	85825	12192	85825	12192	85825	12192	85825	12192	85825	12192	85825	12192	85825	12192	85825	12192	85825	12192	85825	12192	85825	12192	85825	12192	85825	12192	85825	12192	85825	12192	85825	12192	85825	12192	85825	12192	85825	12192	85825	12192	85825	12192	85825	12192	85825	12192	85825	12192	85825	12192	85825	12192	85825	12192	85825	12192	85825	12192	85825	12192	85825	12192	85825	12192	85825	12192	85825	12192	85825	12192	85825	12192	85825	12192	85825	12192	85825	12192	85825	12192	85825	12192	85825	12192	85825	12192	85825	12192	85825
64	12616	90400	12616	90400	12616	90400	12616	90400	12616	90400	12616	90400	12616	90400	12616	90400	12616	90400	12616	90400	12616	90400	12616	90400	12616	90400	12616	90400	12616	90400	12616	90400	12616	90400	12616	90400	12616	90400	12616	90400	12616	90400	12616	90400	12616	90400	12616	90400	12616	90400	12616	90400	12616	90400	12616	90400	12616	90400	12616	90400	12616	90400	12616	90400	12616	90400	12616	90400	12616	90400	12616	90400	12616	90400	12616	90400	12616	90400	12616	90400	12616	90400	12616	90400	12616	90400	12616	90400	12616	90400	12616	90400	12616	90400	12616	90400	12616	90400	12616	90400	12616	90400	12616	90400	12616	90400	12616	90400
65	13048	95140	13048	95140	13048	95140	13048	95140	13048	95140	13048	95140	13048	95140	13048	95140	13048	95140	13048	95140	13048	95140	13048	95140	13048	95140	13048	95140	13048	95140	13048	95140	13048	95140	13048	95140	13048	95140	13048	95140	13048	95140	13048	95140	13048	95140	13048	95140	13048	95140	13048	95140	13048	95140	13048	95140	13048	95140	13048	95140	13048	95140	13048	95140	13048	95140	13048	95140	13048	95140	13048	95140	13048	95140	13048	95140	13048	95140	13048	95140	13048	95140	13048	95140	13048	95140	13048	95140	13048	95140	13048	95140	13048	95140	13048	95140	13048	95140	13048	95140	13048	95140	13048	95140	13048	95140	13048	95140
66	17099	100048	17099	100048	17099	100048	17099	100048	17099	100048	17099	100048	17099	100048	17099	100048	17099	100048	17099	100048	17099	100048	17099	100048	17099	100048	17099	100048	17099	100048	17099	100048	17099	100048	17099	100048	17099	100048	17099	100048	17099	100048	17099	100048	17099	100048	17099	100048	17099	100048	17099	100048	17099	100048	17099	100048	17099	100048	17099	100048	17099	100048	17099	100048	17099	100048	17099	100048	17099	100048	17099	100048	17099	100048	17099	100048	17099	100048	17099	100048	17099	100048	17099	100048	17099	100048	17099	100048	17099	100048	17099	100048	17099	100048	17099	100048	17099	100048	17099	100048	17099	100048	17099	100048	17099	100048	17099	100048
67	17630	105127	17630	105127	17630	105127	17630	105127	17630	105127	17630	105127	17630	105127	17630	105127	17630	105127	17630	105127	17630	105127	17630	105127	17630	105127	17630	105127	17630	105127	17630	105127	17630	105127	17630	105127	17630	105127	17630	105127	17630	105127	17630	105127	17630	105127	17630	105127	17630	105127	17630	105127	17630	105127	17630	105127	17630	105127	17630	105127	17630	105127	17630	105127	17630	105127	17630	105127	17630	105127	17630	105127	17630	105127	17630	105127	17630	105127	17630	105127	17630	105127	17630	105127	17630	105127	17630	105127	17630	105127	17630	105127	17630	105127	17630	105127	17630	105127	17630	105127	17630	105127	17630	105127	17630	105127	17630	105127
68	18170	110380	18170	110380	18170	110380	18170	110380	18170	110380	18170	110380	18170	110380	18170	110380	18170	110380	18170	110380	18170	110380	18170	110380	18170	110380	18170	110380	18170	110380	18170	110380	18170	110380	18170	110380	18170	110380	18170	110380	18170	110380	18170	110380	18170	110380	18170	110380	18170	110380	18170	110380	18170	110380	18170	110380	18170	110380	18170	110380	18170	110380	18170	110380	18170	110380	18170	110380	18170	110380	18170	110380	18170	110380	18170	110380	18170	110380	18170	110380	18170	110380	18170	110380	18170	110380	18170	110380	18170	110380	18170	110380	18170	110380	18170	110380	18170	110380	18170	110380	18170	110380	18170	110380	18170	110380	18170	110380
69	18720	115810	18720	115810	18720	115810	18720	115810	18720	115810	18720	115810	18720	115810	18720	115810	18720	115810	18720	115810	18720	115810	18720	115810	18720	115810	18720	115810	18720	115810	18720	115810	18720	115810	18720	115810	18720	115810	18720	115810	18720	115810	18720	115810	18720	115810	18720	115810	18720	115810	18720	115810	18720	115810	18720	115810	18720	115810	18720	115810	18720	115810	18720	115810	18720	115810	18720	115810	18720	115810	18720	115810	18720	115810	18720	115810	18720	115810	18720	115810	18720	115810	18720	115810	18720	115810	18720	115810	18720	115810	18720	115810	18720	115810	18720	115810	18720	115810	18720	115810	18720	115810	18720	115810	18720	115810	18720	115810
70	19278	121420	19278	121420	19278	121420	19278	121420	19278	121420	19278	121420	19278	121420	19278	121420	19278	121420	19278	121420	19278	121420	19278	121420	19278	121420	19278	121420	19278	121420	19278	121420	19278	121420	19278	121420	19278	121420	19278	121420	19278	121420	19278	121420	19278	121420	19278	121420	19278	121420	19278	121420	19278	121420	19278	121420	19278	121420	19278	121420	19278	121420	19278	121420	19278	121420	19278	121420	19278	121420	19278	121420	19278	121420	19278	121420	19278	121420	19278	121420	19278	121420	19278	121420	19278	121420	19278	121420	19278	121420	19278	121420	19278	121420	19278	121420	19278	121420	19278	121420	19278	121420	19278	121420	19278	121420	19278	121420
71	24776	127213	24776	127213	24776	127213	24776	127213	24776	127213	24776	127213	24776	127213	24776	127213	24776	127213	24776	127213	24776	127213	24776	127213	24776	127213	24776	127213	24776	127213	24776	127213	24776	127213	24776	127213	24776	127213	24776	127213	24776	127213	24776	127213	24776	127213	24776	127213	24776	127213	24776	127213	24776	127213	24776	127213	24776	127213	24776	127213	24776	127213	24776	127213	24776	127213	24776	127213	24776	127213	24776	127213	24776	127213	24776	127213	24776	127213	24776	127213	24776	127213	24776	127213	24776	127213	24776	127213	24776	127213	24776	127213	24776	127213	24776	127213	24776	127213	24776	127213	24776	127213	24776	127213	24776	127213	24776	127213
72	25496	133192	25496	133192	25496	133192	25496	133192	25496	133192	25496	133192	25496	133192	25496	133192	25496	133192	25496	133192	25496	133192	25496	133192	25496	133192	25496	133192	25496	133192	25496	133192	25496	133192	25496	133192	25496	133192	25496	133192	25496	133192	25496	133192	25496	133192	25496	133192	25496	133192	25496	133192	25496	133192	25496	133192	25496	133192	25496	133192	25496	133192	25496	133192	25496	133192	25496	133192	25496	133192	25496	133192	25496	133192	25496	133192	25496	133192	25496	133192	25496	133192	25496	133192	25496	133192	25496	133192	25496	133192	25496	133192	25496	133192	25496	133192	25496	133192	25496	133192	25496	133192	25496	133192	25496	133192	25496	133192
73	26227	139360	26227	139360	26227	139360	26227	139360	26227	139360	26227	139360	26227	139360	26227	139360	26227	139360	26227	139360	26227	139360	26227	139360	26227	139360	26227	139360	26227	139360	26227	139360	26227	139360	26227	139360	26227	139360	26227	139360	26227	139360	26227	139360	26227	139360	26227	139360	26227	139360	26227	139360	26227	139360	26227	139360	26227	139360	26227	139360	26227	139360	26227	139360	26227	139360	26227	139360	26227	139360	26227	139360	26227	139360	26227	139360	26227	139360	26227	139360	26227	139360	26227	139360	26227	139360	26227	139360	26227	139360	26227	139360	26227	139360	26227	139360	26227	139360	26227	139360	26227	139360	26227	139360	26227	139360	26227	139360
74	26970	145720	26970	145720	26970	145720	26970	145720	26970	145720	26970	145720	26970	145720	26970	145720	26970	145720	26970	145720	26970	145720	26970	145720	26970	145720	26970	145720	26970	145720	26970	145720	26970	145720	26970	145720	26970	145720	26970	145720	26970	145720	26970	145720	26970	145720	26970	145720	26970	145720	26970	145720	26970	145720	26970	145720	26970	145720	26970	145720	26970	145720	26970	145720	26970	145720	26970	145720	26970	145720	26970	145720	26970	145720	26970	145720	26970	145720	26970	145720	26970	145720	26970	145720	26970	145720	26970	145720	26970	145720	26970	145720	26970	145720	26970	145720	26970	145720	26970	145720	26970	145720	26970	145720	26970	145720	26970	145720
75	27723	152275	27723	152275	27723	152275	27723	152275	27723	152275	27723	152275	27723	152275	27723	152275	27723	152275	27723	152275	27723	152275	27723	152275	27723	152275	27723	152275	27723	152275	27723	152275	27723	152275	27723	152275	27723	152275	27723	152275	27723	152275	27723	152275	27723	152275	27723	152275	27723	152275	27723	152275	27723	152275	27723	152275	27723	152275	27723	152275	27723	152275	27723	152275	27723	152275	27723	152275	27723	152275	27723	152275	27723	152275	27723	152275	27723	152275	27723	152275	27723	152275	27723	152275	27723	152275	27723	152275	27723	152275	27723	152275	27723	152275	27723	152275	27723	152275	27723	152275	27723	152275	27723	152275	27723	152275	27723	152275
76	35292	159028	35292	159028	35292	159028	35292	159028	35292	159028	35292	159028	35292	159028	35292	159028	35292	159028	35292	159028	35292	159028	35292	159028	35292	159028	35292	159028	35292	159028	35292	159028	35292	159028	35292	159028	35292	159028	35292	159028	35292	159028	35292	159028	35292	159028	35292	159028	35292	159028	35292	159028	35292	159028	35292	159028	35292	159028	35292	159028	35292	159028	35292	159028	35292	159028	35292	159028	35292	159028	35292	159028	35292	159028	35292	159028	35292	159028	35292	159028	35292	159028	35292	159028	35292	159028	35292	159028	35292	159028	35292	159028	35292	159028	35292	159028	35292	159028	35292	159028	35292	159028	35292	159028	35292	159028	35292	159028
77	36253	165982	36253	165982	36253	165982	36253	165982	36253	165982	36253	165982	36253	165982	36253	165982	36253	165982	36253	165982	36253	165982	36253	165982	36253	165982	36253	165982	36253	165982	36253	165982	36253	165982	36253	165982	36253	165982	36253	165982	36253	165982	36253	165982	36253	165982	36253	165982	36253	165982	36253	165982	36253	165982	36253	165982	36253	165982	36253	165982	36253	165982	36253	165982	36253	165982	36253	165982	36253	165982	36253	165982	36253	165982	36253	165982	36253	165982	36253	165982	36253	165982	36253	165982	36253	165982	36253	165982	36253	165982	36253	165982	36253	165982	36253	165982	36253	165982	36253	165982	36253	165982	36253	165982	36253	165982	36253	165982
78	37165	173140	37165	173140	37165	173140	37165	173140	37165	173140	37165	173140	37165	173140	37165	173140	37165	173140	37165	173140	37165	173140	37165	173140	37165	173140	37165	173140	37165	173140	37165	173140	37165	173140	37165	173140	37165	173140	37165	173140	37165	173140	37165	173140	37165	173140	37165	173140	37165	173140	37165	173140	37165	173140	37165	173140	37165	173140	37165	173140	37165	173140	37165	173140	37165	173140	37165	173140	37165	173140	37165	173140	37165	173140	37165	173140	37165	173140	37165	173140	37165	173140	37165	173140	37165	173140	37165	173140	37165	173140	37165	173140	37165	173140	37165	173140	37165	173140	37165	173140	37165	173140	37165	173140	37165	173140	37165	173140
79	38089	180505	38089	180505	38089	180505	38089	180505	38089	180505	38089	180505	38089	180505	38089	180505	38089	180505	38089	180505	38089	180505	38089	180505	38089	180505	38089	180505	38089	180505	38089	180505	38089	180505	38089	180505	38089	180505	38089	180505	38089	180505	38089	180505	38089	180505	38089	180505	38089	180505	38089	180505	38089	180505	38089	180505	38089	180505	38089	180505	38089	180505	38089	180505	38089	180505	38089	180505	38089	180505	38089	180505	38089	180505	38089	180505	38089	180505	38089	180505	38089	180505	38089	180505	38089	180505	38089	180505	38089	180505	38089	180505	38089	180505	38089	180505	38089	180505	38089	180505	38089	180505	38089	180505	38089	180505	38089	180505
80	39026	188080	39026	188080	39026	188080	39026	188080	39026	188080	39026	188080	39026	188080	39026	188080	39026	188080	39026	188080	39026	188080	39026	188080	39026	188080	39026	188080	39026	188080	39026	188080	39026	188080	39026	188080	39026	188080	39026	188080	39026	188080	39026	188080	39026	188080	39026	188080	39026	188080	39026	188080	39026	188080	39026	188080	39026	188080	39026	188080	39026	188080	39026	188080	39026	188080	39026	188080	39026	188080	39026	188080	39026	188080	39026	188080	39026	188080	39026	188080	39026	188080	39026	188080	39026	188080	39026	188080	39026	188080	39026	188080	39026	188080	39026	188080	39026	188080	39026	188080	39026	188080	39026	188080	39026	188080	39026	188080
81	49127	195868	49127	195868	49127	195868	49127	195868	49127	195868	49127	195868	49127	195868	49127	195868	49127	195868	49127	195868	49127	195868	49127	195868	49127	195868	49127	195868	49127	195868	49127	195868	49127	195868	49127	195868	49127	195868	49127	195868	49127	195868	49127	195868	49127	195868	49127	195868	49127	195868	49127	195868	49127	195868	49127	195868	49127	195868	49127	195868	49127	195868	49127	195868	49127	195868	49127	195868	49127	195868	49127	195868	49127	195868	49127	195868	49127	195868	49127	195868	49127	195868	49127	195868	49127	195868	49127	195868	49127	195868	49127	195868	49127	195868	49127	195868	49127	195868	49127	195868	49127	195868	49127	195868	49127	195868	49127	195868
82	50310	203872	50310	203872	50310	203872	50310	203872	50310	203872	50310	203872	50310	203872	50310	203872	50310	203872	50310	203872	50310	203872	50310	203872	50310	203872	50310	203872	50310	203872	50310	203872	50310	203872	50310	203872	50310	203872	50310	203872	50310	203872	50310	203872	50310	203872	50310	203872	50310	203872	50310	203872	50310	203872	50310	203872	50310	203872	50310	203872	50310	203872	50310	203872	50310	203872	50310	203872	50310	203872	50310	203872	50310	203872	50310	203872	50310	203872	50310	203872	50310	203872	50310	203872	50310	203872	50310	203872	50310	203872	50310	203872	50310	203872	50310	203872	50310	203872	50310	203872	50310	203872	50310	203872	50310	203872	50310	203872
83	51508	212095	51508	212095	51508	212095	51508	212095	51508	212095	51508	212095	51508	212095	51508	212095	51508	212095	51508	212095	51508	212095	51508	212095	51508	212095	51508	212095	51508	212095	51508	212095	51508	212095	51508	212095	51508	212095	51508	212095	51508	212095	51508	212095	51508	212095	51508	212095	51508	212095	51508	212095	51508	212095	51508	212095	51508	212095	51508	212095	51508	212095	51508	212095	51508	212095	51508	212095	51508	212095	51508	212095	51508	212095	51508	212095	51508	212095	51508	212095	51508	212095	51508	212095	51508	212095	51508	212095	51508	212095	51508	212095	51508	212095	51508	212095	51508	212095	51508	212095	51508	212095	51508	212095	51508	212095	51508	212095
84	52722	220540	52722	220540	52722	220540	52722	220540	52722	220540	52722	220540	52722	220540	52722	220540	52722	220540	52722	220540	52722	220540	52722	220540	52722	220540	52722	220540	52722	220540	52722	220540	52722	220540	52722	220540	52722	220540	52722	220540	52722	220540	52722	220540	52722	220540	52722	220540	52722	220540	52722	220540	52722	220540	52722	220540	52722	220540	52722	220540	52722	220540	52722	220540	52722	220540	52722	220540	52722	220540	52722	220540	52722	220540	52722	220540	52722	220540	52722	220540	52722	220540	52722	220540	52722	220540	52722	220540	52722	220540	52722	220540	52722	220540	52722	220540	52722	220540	52722	220540	52722	220540	52722	220540	52722	220540	52722	220540
85	53952	229210	53952	229210	53952	229210	53952	229210	53952	229210	53952	229210	53952	229210	53952	229210	53952	229210	53952	229210	53952	229210	53952	229210	53952	229210	53952	229210	53952	229210	53952	229210	53952	229210	53952	229210	53952	229210	53952	229210	53952	229210	53952	229210	53952	229210	53952	229210	53952	229210	53952	229210	53952	229210	53952	229210	53952	229210	53952	229210	53952	229210	53952	229210	53952	229210	53952	229210	53952	229210	53952	229210	53952	229210	53952	229210	53952	229210	53952	229210	53952	229210	53952	229210	53952	229210	53952	229210	53952	229210	53952	229210	53952	229210	53952	229210	53952	229210	53952	229210	53952	229210	53952	229210	53952	229210	53952	229210
86	66821	238108	66821	238108	66821	238108	66821	238108	66821	238108	66821	238108	66821	238108	66821	238108	66821	238108	66821	238108	66821	238108	66821	238108	66821	238108	66821	238108	66821	238108	66821	238108	66821	238108	66821	238108	66821	238108	66821	238108	66821	238108	66821	238108	66821	238108	66821	238108	66821	238108	66821	238108	66821	238108	66821	238108	66821	238108	66821	238108	66821	238108	66821	238108	66821	238108	66821	238108	66821	238108	66821	238108	66821	238108	66821	238108	66821	238108	66821	238108	66821	238108	66821	238108	66821	238108	66821	238108	66821	238108	66821	238108	66821	238108	66821	238108	66821	238108	66821	238108	66821	238108	66821	238108	66821	238108	66821	238108
87	68247	247237	68247	247237	68247	247237	68247	247237	68247	247237	68247	247237	68247	247237	68247	247237	68247	247237	68247	247237	68247	247237	68247	247237	68247	247237	68247	247237	68247	247237	68247	247237	68247	247237	68247	247237	68247	247237	68247	247237	68247	247237	68247	247237	68247	247237	68247	247237	68247	247237	68247	247237	68247	247237	68247	247237	68247	247237	68247	247237	68247	247237	68247	247237	68247	247237	68247	247237	68247	247237	68247	247237	68247	247237	68247	247237	68247	247237	68247	247237	68247	247237	68247	247237	68247	247237	68247	247237	68247	247237	68247	247237	68247	247237	68247	247237	68247	247237	68247	247237	68247	247237	68247	247237	68247	247237	68247	247237
88	69691	256600	69691	256600	69691	256600	69691	256600	69691	256600	69691	256600	69691	256600	69691	256600	69691	256600	69691	256600	69691	256600	69691	256600	69691	256600	69691	256600	69691	256600	69691	256600	69691	256600	69691	256600	69691	256600	69691	256600	69691	256600	69691	256600	69691	256600	69691	256600	69691	256600	69691	256600	69691	256600	69691	256600	69691	256600	69691	256600	69691	256600	69691	256600	69691	256600	69691	256600	69691	256600	69691	256600	69691	256600	69691	256600	69691	256600	69691	256600	69691	256600	69691	256600	69691	256600	69691	256600	69691	256600	69691	256600	69691	256600	69691	256600	69691	256600	69691	256600	69691	256600	69691	256600	69691	256600	69691	256600
89	71152	266200	71152	266200	71152	266200	71152	266200	71152	266200	71152	266200	71152	266200	71152	266200	71152	266200	71152	266200	71152	266200	71152	266200	71152	266200	71152	266200	71152	266200	71152	266200	71152	266200	71152	266200	71152	266200	71152	266200	71152	266200	71152	266200	71152	266200	71152	266200	71152	266200	71152	266200	71152	266200	71152	266200	71152	266200	71152	266200	71152	266200	71152	266200	71152	266200	71152	266200	71152	266200	71152	266200	71152	266200	71152	266200	71152	266200	71152	266200	71152	266200	71152	266200	71152	266200	71152	266200	71152	266200	71152	266200	71152	266200	71152	266200	71152	266200	71152	266200	71152	266200	71152	266200	71152	266200	71152	266200
90	72631	276040	72631	276040	72631	276040	72631	276040	72631	276040	72631	276040	72631	276040	72631	276040	72631	276040	72631	276040	72631	276040	72631	276040	72631	276040	72631	276040	72631	276040	72631	276040	72631	276040	72631	276040	72631	276040	72631	276040	72631	276040	72631	276040	72631	276040	72631	276040	72631	276040	72631	276040	72631	276040	72631	276040	72631	276040	72631	276040	72631	276040	72631	276040	72631	276040	72631	276040	72631	276040	72631	276040	72631	276040	72631	276040	72631	276040	72631	276040	72631	276040	72631	276040	72631	276040	72631	276040	72631	276040	72631	276040	72631	276040	72631	276040	72631	276040	72631	276040	72631	276040	72631	276040	72631	276040	72631	276040
91	89113	286123	89113	286123	89113	286123	89113	286123	89113	286123	89113	286123	89113	286123	89113	286123	89113	286123	89113	286123	89113	286123	89113	286123	89113	286123	89113	286123	89113	286123	89113	286123	89113	286123	89113	286123	89113	286123	89113	286123	89113	286123	89113	286123	89113	286123	89113	286123	89113	286123	89113	286123	89113	286123	89113	286123	89113	286123	89113	286123	89113	286123	89113	286123	89113	286123	89113	286123	89113	286123	89113	286123	89113	286123	89113	286123	89113	286123	89113	286123	89113	286123	89113	286123	89113	286123	89113	286123	89113	286123	89113	286123	89113	286123	89113	286123	89113	286123	89113	286123	89113	286123	89113	286123	89113	286123	89113	286123
92	90808	296452	90808	296452	90808	296452	90808	296452	90808	296452	90808	296452	90808	296452	90808	296452	90808	296452	90808	296452	90808	296452	90808	296452	90808	296452	90808	296452	90808	296452	90808	296452	90808	296452	90808	296452	90808	296452	90808	296452	90808	296452	90808	296452	90808	296452	90808	296452	90808	296452	90808	296452	90808	296452	90808	296452	90808	296452	90808	296452	90808	296452	90808	296452	90808	296452	90808	296452	90808	296452	90808	296452	90808	296452	90808	296452	90808	296452	90808	296452	90808	296452	90808	296452	90808	296452	90808	296452	90808	296452	90808	296452	90808	296452	90808	296452	90808	296452	90808	296452	90808	296452	90808	296452	90808	296452	90808	296452
93	92523	307030	92523	307030	92523	307030	92523	307030	92523	307030	92523	307030	92523	307030	92523	307030	92523	307030	92523	307030	92523	307030	92523	307030	92523	307030	92523	307030	92523	307030	92523	307030	92523	307030	92523	307030	92523	307030	92523	307030	92523	307030	92523	307030	92523	307030	92523	307030	92523	307030	92523	307030	92523	307030	92523	307030	92523	307030	92523	307030	92523	307030	92523	307030	92523	307030	92523	307030	92523	307030	92523	307030	92523	307030	92523	307030	92523	307030	92523	307030	92523	307030	92523	307030	92523	307030	92523	307030	92523	307030	92523	307030	92523	307030	92523	307030	92523	307030	92523	307030	92523	307030	92523	307030	92523	307030	92523	307030
94	94259	317860	94259	317860	94259	317860	94259	317860	94259	317860	94259	317860	94259	317860	94259	317860	94259	317860	94259	317860	94259	317860	94259	317860	94259	317860	94259	317860	94259	317860	94259	317860	94259	317860	94259	317860	94259	317860	94259	317860	94259	317860	94259	317860	94259	317860	94259	317860	94259	317860	94259	317860	94259	317860	94259	317860	94259	317860	94259	317860	94259	317860	94259	317860	94259	317860	94259	317860	94259	317860	94259	317860	94259	317860	94259	317860	94259	317860	94259	317860	94259	317860	94259	317860	94259	317860	94259	317860	94259	317860	94259	317860	94259	317860	94259	317860	94259	317860	94259	317860	94259	317860	94259	317860	94259	317860	94259	317860
95	96014	328945	96014	328945	96014	328945	96014	328945	96014	328945	96014	328945	96014	328945	96014	328945	96014	328945	96014	328945	96014	328945	96014	328945	96014	328945	96014	328945	96014	328945	96014	328945	96014	328945	96014	328945	96014	328945	96014	328945	96014	328945	96014	328945	96014	328945	96014	328945	96014	328945	96014	328945	96014	328945	96014	328945	96014	328945	96014	328945	96014	328945	96014	328945	96014	328945	96014	328945	96014	328945	96014	328945	96014	328945	96014	328945	96014	328945	96014	328945	96014	328945	96014	328945	96014	328945	96014	328945	96014	328945	96014	328945	96014	328945	96014	328945	96014	328945	96014	328945	96014	328945	96014	328945	96014	328945	96014	328945
96	116645	340288	116645	340288	116645	340288	116645	340288	116645	340288	116645	340288	116645	340288	116645	340288	116645	340288	116645	340288	116645	340288	116645	340288	116645	340288	116645	340288	116645	340288	116645	340288	116645	340288	116645	340288	116645	340288	116645	340288	116645	340288	116645	340288	116645	340288	116645	340288	116645	340288	116645	340288	116645	340288	116645	340288	116645	340288	116645	340288	116645	340288	116645	340288	116645	340288	116645	340288	116645	340288	116645	340288	116645	340288	116645	340288	116645	340288	116645	340288	116645	340288	116645	340288	116645	340288	116645	340288	116645	340288	116645	340288	116645	340288	116645	340288	116645	340288	116645	340288	116645	340288	116645	340288	116645	340288	116645	340288
97	118635	351892	118635	351892	118635	351892	118635	351892	118635	351892	118635	351892	118635	351892	118635	351892	118635	351892	118635	351892	118635	351892	118635	351892	118635	351892	118635	351892	118635	351892	118635	351892	118635	351892	118635	351892	118635	351892	118635	351892	118635	351892	118635	351892	118635	351892	118635	351892	118635	351892	118635	351892	118635	351892	118635	351892	118635	351892	118635	351892	118635	351892	118635	351892	118635	351892	118635	351892	118635	351892	118635	351892	118635	351892	118635	351892	118635	351892	118635	351892	118635	351892	118635	351892	118635	351892	118635	351892	118635	351892	118635	351892	118635	351892	118635	351892	118635	351892	118635	351892	118635	351892	118635	351892	118635	351892	118635	351892
98	120648	363760	120648	363760	120648	363760	120648	363760	120648	363760	120648	363760	120648	363760	120648	363760	120648	363760	120648	363760	120648	363760	120648	363760	120648	363760	120648	363760	120648	363760	120648	363760	120648	363760	120648	363760	120648	363760	120648	363760	120648	363760	120648	363760	120648	363760	120648	363760	120648	363760	120648	363760	120648	363760	120648	363760	120648	363760	120648	363760	120648	363760	120648	363760	120648	363760	120648	363760	120648	363760	120648	363760	120648	363760	120648	363760	120648	363760	120648	363760	120648	363760	120648	363760	120648	363760	120648	363760	120648	363760	120648	363760	120648	363760	120648	363760	120648	363760	120648	363760	120648	363760	120648	363760	120648	363760	120648	363760
99	122684	375895	122684	375895	122684	375895	122684	375895	122684	375895	122684	375895	122684	375895	122684	375895	122684	375895	122684	375895	122684	375895	122684	375895	122684	375895	122684	375895	122684	375895	122684	375895	122684	375895	122684	375895	122684	375895	122684	375895	122684	375895	122684	375895	122684	375895	122684	375895	122684	375895	122684	375895	122684	375895	122684	375895	122684	375895	122684	375895	122684	375895	122684	375895	122684	375895	122684	375895	122684	375895	122684	375895	122684	375895	122684	375895	122684	375895	122684	375895	122684	375895	122684	375895	122684	375895	122684	375895	122684	375895	122684	375895	122684	375895	122684	375895	122684	375895	122684	375895	122684	375895	122684	375895	122684	375895	122684	375895
100	124743	388300	124743	388300	124743	388300	124743	388300	124743	388300	124743	388300	124743	388300	124743	388300	124743	388300	124743	388300	124743	388300	124743	388300	124743	388300	124743	388300	124743	388300	124743	388300	124743	388300	124743	388300	124743	388300	124743	388300	124743	388300	124743	388300	124743	388300	124743	388300	124743	388300	124743	388300	124743	388300	124743	388300	124743	388300	124743	388300	124743	388300	124743	388300	124743	388300	124743	388300	124743	388300	124743	388300	124743	388300	124743	388300	124743	388300	124743	388300	124743	388300	124743	388300	124743	388300	124743	388300	124743	388300	124743	388300	124743	388300	124743	388300	124743	388300	124743	388300	124743	388300	124743	388300	124743	388300	124743	388300
101	130000	420000	130000	420000	130000	420000	130000	420000	130000	420000	130000	420000	130000	420000	130000	420000	130000	420000	130000	420000	130000	420000	130000	420000	130000	420000	130000	420000	130000	420000	130000	420000	130000	420000	130000	420000	130000	420000	130000	420000	130000	420000	130000	420000	130000	420000	130000	420000	130000	420000	130000	420000	130000	420000	130000	420000	130000	420000	130000	420000	130000	420000	130000	420000	130000	420000	130000	420000	130000	420000	130000	420000	130000	420000	130000	420000	130000	420000	130000	420000	130000	420000	130000	420000	130000	420000	130000	420000	130000	420000	130000	420000	130000	420000	130000	420000	130000	420000	130000	420000	130000	420000	130000	420000	130000	420000	130000	420000
102	130000	420000	130000	420000	130000	420000	130000	420000	130000	420000	130000	420000	130000	420000	130000	420000	130000	420000	130000	420000	130000	420000	130000	420000	130000	420000	130000	420000	130000	420000	130000	420000	130000	420000	130000	420000	130000	420000	130000	420000	130000	420000	130000	420000	130000	420000	130000	420000	130000	420000	130000	420000	130000	420000	130000	420000	130000	420000	130000	420000	130000	420000	130000	420000	130000	420000	130000	420000	130000	420000	130000	420000	130000	420000	130000	420000	130000	420000	130000	420000	130000	420000	130000	420000	130000	420000	130000	420000	130000	420000	130000	420000	130000	420000	130000	420000	130000	420000	130000	420000	130000	420000	130000	420000	130000	420000	130000	420000
103	130000	420000	130000	420000	130000	420000	130000	420000	130000	420000	130000	420000	130000	420000	130000	420000	130000	420000	130000	420000	130000	420000	130000	420000	130000	420000	130000	420000	130000	420000	130000	420000	130000	420000	130000	420000	130000	420000	130000	420000	130000	420000	130000	420000	130000	420000	130000	420000	130000	420000	130000	420000	130000	420000	130000	420000	130000	420000	130000	420000	130000	420000	130000	420000	130000	420000	130000	420000	130000	420000	130000	420000	130000	420000	130000	420000	130000	420000	130000	420000	130000	420000	130000	420000	130000	420000	130000	420000	130000	420000	130000	420000	130000	420000	130000	420000	130000	420000	130000	420000	130000	420000	130000	420000	130000	420000	130000	420000
104	130000	420000	130000	420000	130000	420000	130000	420000	130000	420000	130000	420000	130000	420000	130000	420000	130000	420000	130000	420000	130000	420000	130000	420000	130000	420000	130000	420000	130000	420000	130000	420000	130000	420000	130000	420000	130000	420000	130000	420000	130000	420000	130000	420000	130000	420000	130000	420000	130000	420000	130000	420000	130000	420000	130000	420000	130000	420000	130000	420000	130000	420000	130000	420000	130000	420000	130000	420000	130000	420000	130000	420000	130000	420000	130000	420000	130000	420000	130000	420000	130000	420000	130000	420000	130000	420000	130000	420000	130000	420000	130000	420000	130000	420000	130000	420000	130000	420000	130000	420000	130000	420000	130000	420000	130000	420000	130000	420000
105	130000	420000	130000	420000	130000	420000	130000	420000	130000	420000	130000	420000	130000	420000	130000	420000	130000	420000	130000	420000	130000	420000	130000	420000	130000	420000	130000	420000	130000	420000	130000	420000	130000	420000	130000	420000	130000	420000	130000	420000	130000	420000	130000	420000	130000	420000	130000	420000	130000	420000	130000	420000	130000	420000	130000	420000	130000	420000	130000	420000	130000	420000	130000	420000	130000	420000	130000	420000	130000	420000	130000	420000	130000	420000	130000	420000	130000	420000	130000	420000	130000	420000	130000	420000	130000	420000	130000	420000	130000	420000	130000	420000	130000	420000	130000	420000	130000	420000	130000	420000	130000	420000	130000	420000	130000	420000	130000	420000
106	130000	420000	130000	420000	130000	420000	130000	420000	130000	420000	130000	420000	130000	420000	130000	420000	130000	420000	130000	420000	130000	420000	130000	420000	130000	420000	130000	420000	130000	420000	130000	420000	130000	420000	130000	420000	130000	420000	130000	420000	130000	420000	130000	420000	130000	420000	130000	420000	130000	420000	130000	420000	130000	420000	130000	420000	130000	420000	130000	420000	130000	420000	130000	420000	130000	420000	130000	420000	130000	420000	130000	420000	130000	420000	130000	420000	130000	420000	130000	420000	130000	420000	130000	420000	130000	420000	130000	420000	130000	420000	130000	420000	130000	420000	130000	420000	130000	420000	130000	420000	130000	420000	130000	420000	130000	420000	130000	420000
107	130000	420000	130000	420000	130000	420000	130000	420000	130000	420000	130000	420000	130000	420000	130000	420000	130000	420000	130000	420000	130000	420000	130000	420000	130000	420000	130000	420000	130000	420000	130000	420000	130000	420000	130000	420000	130000	420000	130000	420000	130000	420000	130000	420000	130000	420000	130000	420000	130000	420000	130000	420000	130000	420000	130000	420000	130000	420000	130000	420000	130000	420000	130000	420000	130000	420000	130000	420000	130000	420000	130000	420000	130000	420000	130000	420000	130000	420000	130000	420000	130000	420000	130000	420000	130000	420000	130000	420000	130000	420000	130000	420000	130000	420000	130000	420000	130000	420000	130000	420000	130000	420000	130000	420000	130000	420000	130000	420000
108	130000	420000	130000	420000	130000	420000	130000	420000	130000	420000	130000	420000	130000	420000	130000	420000	130000	420000	130000	420000	130000	420000	130000	420000	130000	420000	130000	420000	130000	420000	130000	420000	130000	420000	130000	420000	130000	420000	130000	420000	130000	420000	130000	420000	130000	420000	130000	420000	130000	420000	130000	420000	130000	420000	130000	420000	130000	420000	130000	420000	130000	420000	130000	420000	130000	420000	130000	420000	130000	420000	130000	420000	130000	420000	130000	420000	130000	420000	130000	420000	130000	420000	130000	420000	130000	420000	130000	420000	130000	420000	130000	420000	130000	420000	130000	420000	130000	420000	130000	420000	130000	420000	130000	420000	130000	420000	130000	420000
109	130000	420000	130000	420000	130000	420000	130000	420000	130000	420000	130000	420000	130000	420000	130000	420000	130000	420000	130000	420000	130000	420000	130000	420000	130000	420000	130000	420000	130000	420000	130000	420000	130000	420000	130000	420000	130000	420000	130000	420000	130000	420000	130000	420000	130000	420000	130000	420000	130000	420000	130000	420000	130000	420000	130000	420000	130000	420000	130000	420000	130000	420000	130000	420000	130000	420000	130000	420000	130000	420000	130000	420000	130000	420000	130000	420000	130000	420000	130000	420000	130000	420000	130000	420000	130000	420000	130000	420000	130000	420000	130000	420000	130000	420000	130000	420000	130000	420000	130000	420000	130000	420000	130000	420000	130000	420000	130000	420000
110	130000	420000	130000	420000	130000	420000	130000	420000	130000	420000	130000	420000	130000	420000	130000	420000	130000	420000	130000	420000	130000	420000	130000	420000	130000	420000	130000	420000	130000	420000	130000	420000	130000	420000	130000	420000	130000	420000	130000	420000	130000	420000	130000	420000	130000	420000	130000	420000	130000	420000	130000	420000	130000	420000	130000	420000	130000	420000	130000	420000	130000	420000	130000	420000	130000	420000	130000	420000	130000	420000	130000	420000	130000	420000	130000	420000	130000	420000	130000	420000	130000	420000	130000	420000	130000	420000	130000	420000	130000	420000	130000	420000	130000	420000	130000	420000	130000	420000	130000	420000	130000	420000	130000	420000	130000	420000	130000	420000
111	130000	420000	130000	420000	130000	420000	130000	420000	130000	420000	130000	420000	130000	420000	130000	420000	130000	420000	130000	420000	130000	420000	130000	420000	130000	420000	130000	420000	130000	420000	130000	420000	130000	420000	130000	420000	130000	420000	130000	420000	130000	420000	130000	420000	130000	420000	130000	420000	130000	420000	130000	420000	130000	420000	130000	420000	130000	420000	130000	420000	130000	420000	130000	420000	130000	420000	130000	420000	130000	420000	130000	420000	130000	420000	130000	420000	130000	420000	130000	420000	130000	420000	130000	420000	130000	420000	130000	420000	130000	420000	130000	420000	130000	420000	130000	420000	130000	420000	130000	420000	130000	420000	130000	420000	130000	420000	130000	420000
112	130000	420000	130000	420000	130000	420000	130000	420000	130000	420000	130000	420000	130000	420000	130000	420000	130000	420000	130000	420000	130000	420000	130000	420000	130000	420000	130000	420000	130000	420000	130000	420000	130000	420000	130000	420000	130000	420000	130000	420000	130000	420000	130000	420000	130000	420000	130000	420000	130000	420000	130000	420000	130000	420000	130000	420000	130000	420000	130000	420000	130000	420000	130000	420000	130000	420000	130000	420000	130000	420000	130000	420000	130000	420000	130000	420000	130000	420000	130000	420000	130000	420000	130000	420000	130000	420000	130000	420000	130000	420000	130000	420000	130000	420000	130000	420000	130000	420000	130000	420000	130000	420000	130000	420000	130000	420000	130000	420000
113	130000	420000	130000	420000	130000	420000	130000	420000	130000	420000	130000	420000	130000	420000	130000	420000	130000	420000	130000	420000	130000	420000	130000	420000	130000	420000	130000	420000	130000	420000	130000	420000	130000	420000	130000	420000	130000	420000	130000	420000	130000	420000	130000	420000	130000	420000	130000	420000	130000	420000	130000	420000	130000	420000	130000	420000	130000	420000	130000	420000	130000	420000	130000	420000	130000	420000	130000	420000	130000	420000	130000	420000	130000	420000	130000	420000	130000	420000	130000	420000	130000	420000	130000	420000	130000	420000	130000	420000	130000	420000	130000	420000	130000	420000	130000	420000	130000	420000	130000	420000	130000	420000	130000	420000	130000	420000	130000	420000
114	130000	420000	130000	420000	130000	420000	130000	420000	130000	420000	130000	420000	130000	420000	130000	420000	130000	420000	130000	420000	130000	420000	130000	420000	130000	420000	130000	420000	130000	420000	130000	420000	130000	420000	130000	420000	130000	420000	130000	420000	130000	420000	130000	420000	130000	420000	130000	420000	130000	420000	130000	420000	130000	420000	130000	420000	130000	420000	130000	420000	130000	420000	130000	420000	130000	420000	130000	420000	130000	420000	130000	420000	130000	420000	130000	420000	130000	420000	130000	420000	130000	420000	130000	420000	130000	420000	130000	420000	130000	420000	130000	420000	130000	420000	130000	420000	130000	420000	130000	420000	130000	420000	130000	420000	130000	420000	130000	420000
115	130000	420000	130000	420000	130000	420000	130000	420000	130000	420000	130000	420000	130000	420000	130000	420000	130000	420000	130000	420000	130000	420000	130000	420000	130000	420000	130000	420000	130000	420000	130000	420000	130000	420000	130000	420000	130000	420000	130000	420000	130000	420000	130000	420000	130000	420000	130000	420000	130000	420000	130000	420000	130000	420000	130000	420000	130000	420000	130000	420000	130000	420000	130000	420000	130000	420000	130000	420000	130000	420000	130000	420000	130000	420000	130000	420000	130000	420000	130000	420000	130000	420000	130000	420000	130000	420000	130000	420000	130000	420000	130000	420000	130000	420000	130000	420000	130000	420000	130000	420000	130000	420000	130000	420000	130000	420000	130000	420000
116	130000	420000	130000	420000	130000	420000	130000	420000	130000	420000	130000	420000	130000	420000	130000	420000	130000	420000	130000	420000	130000	420000	130000	420000	130000	420000	130000	420000	130000	420000	130000	420000	130000	420000	130000	420000	130000	420000	130000	420000	130000	420000	130000	420000	130000	420000	130000	420000	130000	420000	130000	420000	130000	420000	130000	420000	130000	420000	130000	420000	130000	420000	130000	420000	130000	420000	130000	420000	130000	420000	130000	420000	130000	420000	130000	420000	130000	420000	130000	420000	130000	420000	130000	420000	130000	420000	130000	420000	130000	420000	130000	420000	130000	420000	130000	420000	130000	420000	130000	420000	130000	420000	130000	420000	130000	420000	130000	420000
117	130000	420000	130000	420000	130000	420000	130000	420000	130000	420000	130000	420000	130000	420000	130000	420000	130000	420000	130000	420000	130000	420000	130000	420000	130000	420000	130000	420000	130000	420000	130000	420000	130000	420000	130000	420000	130000	420000	130000	420000	130000	420000	130000	420000	130000	420000	130000	420000	130000	420000	130000	420000	130000	420000	130000	420000	130000	420000	130000	420000	130000	420000	130000	420000	130000	420000	130000	420000	130000	420000	130000	420000	130000	420000	130000	420000	130000	420000	130000	420000	130000	420000	130000	420000	130000	420000	130000	420000	130000	420000	130000	420000	130000	420000	130000	420000	130000	420000	130000	420000	130000	420000	130000	420000	130000	420000	130000	420000
118	130000	420000	130000	420000	130000	420000	130000	420000	130000	420000	130000	420000	130000	420000	130000	420000	130000	420000	130000	420000	130000	420000	130000	420000	130000	420000	130000	420000	130000	420000	130000	420000	130000	420000	130000	420000	130000	420000	130000	420000	130000	420000	130000	420000	130000	420000	130000	420000	130000	420000	130000	420000	130000	420000	130000	420000	130000	420000	130000	420000	130000	420000	130000	420000	130000	420000	130000	420000	130000	420000	130000	420000	130000	420000	130000	420000	130000	420000	130000	420000	130000	420000	130000	420000	130000	420000	130000	420000	130000	420000	130000	420000	130000	420000	130000	420000	130000	420000	130000	420000	130000	420000	130000	420000	130000	420000	130000	420000
119	130000	420000	130000	420000	130000	420000	130000	420000	130000	420000	130000	420000	130000	420000	130000	420000	130000	420000	130000	420000	130000	420000	130000	420000	130000	420000	130000	420000	130000	420000	130000	420000	130000	420000	130000	420000	130000	420000	130000	420000	130000	420000	130000	420000	130000	420000	130000	420000	130000	420000	130000	420000	130000	420000	130000	420000	130000	420000	130000	420000	130000	420000	130000	420000	130000	420000	130000	420000	130000	420000	130000	420000	130000	420000	130000	420000	130000	420000	130000	420000	130000	420000	130000	420000	130000	420000	130000	420000	130000	420000	130000	420000	130000	420000	130000	420000	130000	420000	130000	420000	130000	420000	130000	420000	130000	420000	130000	420000
120	130000	420000	130000	420000	130000	420000	130000	420000	130000	420000	130000	420000	130000	420000	130000	420000	130000	420000	130000	420000	130000	420000	130000	420000	130000	420000	130000	420000	130000	420000	130000	420000	130000	420000	130000	420000	130000	420000	130000	420000	130000	420000	130000	420000	130000	420000	130000	420000	130000	420000	130000	420000	130000	420000	130000	420000	130000	420000	130000	420000	130000	420000	130000	420000	130000	420000	130000	420000	130000	420000	130000	420000	130000	420000	130000	420000	130000	420000	130000	420000	130000	420000	130000	420000	130000	420000	130000	420000	130000	420000	130000	420000	130000	420000	130000	420000	130000	420000	130000	420000	130000	420000	130000	420000	130000	420000	130000	420000
